0 300
0.10000000000000001 300
0.20000000000000001 300
0.30000000000000004 300
0.40000000000000002 300
0.5 300
0.59999999999999998 300
0.69999999999999996 300
0.79999999999999993 300
0.89999999999999991 300
0.99999999999999989 300
1.0999999999999999 210
1.2 210
1.3 210
1.4000000000000001 210
1.5000000000000002 210
1.6000000000000003 210
1.7000000000000004 210
1.8000000000000005 210
1.9000000000000006 210
2.0000000000000004 210
2.1000000000000005 210
2.2000000000000006 210
2.3000000000000007 214
2.4000000000000008 214
2.5000000000000009 214
2.600000000000001 214
2.7000000000000011 214
2.8000000000000012 214
2.9000000000000012 214
3.0000000000000013 214
3.1000000000000014 214
3.2000000000000015 214
3.3000000000000016 214
3.4000000000000017 214
3.5000000000000018 214
3.6000000000000019 219
3.700000000000002 219
3.800000000000002 219
3.9000000000000021 219
4.0000000000000018 219
4.1000000000000014 219
4.2000000000000011 219
4.3000000000000007 219
4.4000000000000004 219
4.5 219
4.5999999999999996 219
4.6999999999999993 219
4.7999999999999989 219
4.8999999999999986 219
4.9999999999999982 219
5.0999999999999979 219
5.1999999999999975 231
5.2999999999999972 231
5.3999999999999968 231
5.4999999999999964 231
5.5999999999999961 231
5.6999999999999957 231
5.7999999999999954 231
5.899999999999995 231
5.9999999999999947 231
6.0999999999999943 231
6.199999999999994 231
6.2999999999999936 231
6.3999999999999932 231
6.4999999999999929 231
6.5999999999999925 231
6.6999999999999922 231
6.7999999999999918 243
6.8999999999999915 243
6.9999999999999911 243
7.0999999999999908 243
7.1999999999999904 243
7.2999999999999901 243
7.3999999999999897 243
7.4999999999999893 243
7.599999999999989 243
7.6999999999999886 243
7.7999999999999883 243
7.8999999999999879 243
7.9999999999999876 243
8.0999999999999872 243
8.1999999999999869 243
8.2999999999999865 243
8.3999999999999861 252
8.4999999999999858 252
8.5999999999999854 252
8.6999999999999851 252
8.7999999999999847 252
8.8999999999999844 252
8.999999999999984 252
9.0999999999999837 252
9.1999999999999833 252
9.2999999999999829 252
9.3999999999999826 252
9.4999999999999822 252
9.5999999999999819 252
9.6999999999999815 252
9.7999999999999812 252
9.8999999999999808 252
9.9999999999999805 261
10.09999999999998 261
10.19999999999998 261
10.299999999999979 261
10.399999999999979 261
10.499999999999979 261
10.599999999999978 261
10.699999999999978 261
10.799999999999978 261
10.899999999999977 261
10.999999999999977 261
11.099999999999977 261
11.199999999999976 261
11.299999999999976 261
11.399999999999975 261
11.499999999999975 261
11.599999999999975 268
11.699999999999974 268
11.799999999999974 268
11.899999999999974 268
11.999999999999973 268
12.099999999999973 268
12.199999999999973 268
12.299999999999972 268
12.399999999999972 268
12.499999999999972 268
12.599999999999971 268
12.699999999999971 268
12.799999999999971 268
12.89999999999997 268
12.99999999999997 268
13.099999999999969 268
13.199999999999969 275
13.299999999999969 275
13.399999999999968 275
13.499999999999968 275
13.599999999999968 275
13.699999999999967 275
13.799999999999967 275
13.899999999999967 275
13.999999999999966 275
14.099999999999966 275
14.199999999999966 275
14.299999999999965 275
14.399999999999965 275
14.499999999999964 275
14.599999999999964 275
14.699999999999964 275
14.799999999999963 281
14.899999999999963 281
14.999999999999963 281
15.099999999999962 281
15.199999999999962 281
15.299999999999962 281
15.399999999999961 281
15.499999999999961 281
15.599999999999961 281
15.69999999999996 281
15.79999999999996 281
15.899999999999959 281
15.999999999999959 281
16.099999999999959 281
16.19999999999996 281
16.299999999999962 281
16.399999999999963 286
16.499999999999964 286
16.599999999999966 286
16.699999999999967 286
16.799999999999969 286
16.89999999999997 286
16.999999999999972 286
17.099999999999973 286
17.199999999999974 286
17.299999999999976 286
17.399999999999977 286
17.499999999999979 286
17.59999999999998 286
17.699999999999982 286
17.799999999999983 286
17.899999999999984 286
17.999999999999986 290
18.099999999999987 290
18.199999999999989 290
18.29999999999999 290
18.399999999999991 290
18.499999999999993 290
18.599999999999994 290
18.699999999999996 290
18.799999999999997 290
18.899999999999999 290
19 290
19.100000000000001 290
19.200000000000003 290
19.300000000000004 290
19.400000000000006 290
19.500000000000007 290
19.600000000000009 294
19.70000000000001 294
19.800000000000011 294
19.900000000000013 294
20.000000000000014 294
20.100000000000016 294
20.200000000000017 294
20.300000000000018 294
20.40000000000002 294
20.500000000000021 294
20.600000000000023 294
20.700000000000024 294
20.800000000000026 294
20.900000000000027 294
21.000000000000028 294
21.10000000000003 294
21.200000000000031 297
21.300000000000033 297
21.400000000000034 297
21.500000000000036 297
21.600000000000037 297
21.700000000000038 297
21.80000000000004 297
21.900000000000041 297
22.000000000000043 297
22.100000000000044 297
22.200000000000045 297
22.300000000000047 297
22.400000000000048 297
22.50000000000005 297
22.600000000000051 297
22.700000000000053 297
22.800000000000054 297
22.900000000000055 297
23.000000000000057 297
23.100000000000058 297
23.20000000000006 297
23.300000000000061 297
23.400000000000063 297
23.500000000000064 297
23.600000000000065 297
23.700000000000067 297
23.800000000000068 297
23.90000000000007 297
24.000000000000071 297
24.100000000000072 297
24.200000000000074 297
24.300000000000075 297
24.400000000000077 297
24.500000000000078 297
24.60000000000008 297
24.700000000000081 297
24.800000000000082 297
24.900000000000084 297
25.000000000000085 297
25.100000000000087 297
25.200000000000088 297
25.30000000000009 297
25.400000000000091 297
25.500000000000092 297
25.600000000000094 297
25.700000000000095 297
25.800000000000097 297
25.900000000000098 297
26.000000000000099 297
26.100000000000101 297
26.200000000000102 297
26.300000000000104 297
26.400000000000105 297
26.500000000000107 297
26.600000000000108 297
26.700000000000109 297
26.800000000000111 297
26.900000000000112 297
27.000000000000114 297
27.100000000000115 297
27.200000000000117 297
27.300000000000118 297
27.400000000000119 297
27.500000000000121 297
27.600000000000122 297
27.700000000000124 297
27.800000000000125 297
27.900000000000126 297
28.000000000000128 297
28.100000000000129 297
28.200000000000131 297
28.300000000000132 297
28.400000000000134 297
28.500000000000135 297
28.600000000000136 297
28.700000000000138 297
28.800000000000139 297
28.900000000000141 297
29.000000000000142 297
29.100000000000144 297
29.200000000000145 297
29.300000000000146 297
29.400000000000148 297
29.500000000000149 297
29.600000000000151 297
29.700000000000152 297
29.800000000000153 297
29.900000000000155 297
30.000000000000156 297
30.100000000000158 297
30.200000000000159 297
30.300000000000161 297
30.400000000000162 297
30.500000000000163 297
30.600000000000165 297
30.700000000000166 299
30.800000000000168 299
30.900000000000169 299
31.000000000000171 299
31.100000000000172 299
31.200000000000173 299
31.300000000000175 299
31.400000000000176 299
31.500000000000178 299
31.600000000000179 299
31.70000000000018 299
31.800000000000182 299
31.900000000000183 299
32.000000000000185 299
32.100000000000186 299
32.200000000000188 299
32.300000000000189 299
32.40000000000019 305
32.500000000000192 305
32.600000000000193 305
32.700000000000195 305
32.800000000000196 305
32.900000000000198 305
33.000000000000199 305
33.1000000000002 305
33.200000000000202 305
33.300000000000203 305
33.400000000000205 305
33.500000000000206 305
33.600000000000207 305
33.700000000000209 305
33.80000000000021 305
33.900000000000212 305
34.000000000000213 305
34.100000000000215 305
34.200000000000216 305
34.300000000000217 313
34.400000000000219 313
34.50000000000022 313
34.600000000000222 313
34.700000000000223 313
34.800000000000225 313
34.900000000000226 313
35.000000000000227 313
35.100000000000229 313
35.20000000000023 313
35.300000000000232 313
35.400000000000233 313
35.500000000000234 313
35.600000000000236 313
35.700000000000237 313
35.800000000000239 313
35.90000000000024 313
36.000000000000242 313
36.100000000000243 313
36.200000000000244 323
36.300000000000246 323
36.400000000000247 323
36.500000000000249 323
36.60000000000025 323
36.700000000000252 323
36.800000000000253 323
36.900000000000254 323
37.000000000000256 323
37.100000000000257 323
37.200000000000259 323
37.30000000000026 323
37.400000000000261 323
37.500000000000263 323
37.600000000000264 323
37.700000000000266 323
37.800000000000267 323
37.900000000000269 323
38.00000000000027 327
38.100000000000271 327
38.200000000000273 327
38.300000000000274 327
38.400000000000276 327
38.500000000000277 327
38.600000000000279 327
38.70000000000028 327
38.800000000000281 327
38.900000000000283 327
39.000000000000284 327
39.100000000000286 327
39.200000000000287 327
39.300000000000288 327
39.40000000000029 327
39.500000000000291 327
39.600000000000293 327
39.700000000000294 327
39.800000000000296 327
39.900000000000297 327
40.000000000000298 327
40.1000000000003 327
40.200000000000301 327
40.300000000000303 344
40.400000000000304 344
40.500000000000306 344
40.600000000000307 344
40.700000000000308 344
40.80000000000031 344
40.900000000000311 344
41.000000000000313 344
41.100000000000314 344
41.200000000000315 344
41.300000000000317 344
41.400000000000318 344
41.50000000000032 344
41.600000000000321 344
41.700000000000323 344
41.800000000000324 344
41.900000000000325 340
42.000000000000327 340
42.100000000000328 340
42.20000000000033 340
42.300000000000331 340
42.400000000000333 340
42.500000000000334 340
42.600000000000335 340
42.700000000000337 340
42.800000000000338 340
42.90000000000034 340
43.000000000000341 340
43.100000000000342 340
43.200000000000344 340
43.300000000000345 340
43.400000000000347 340
43.500000000000348 340
43.60000000000035 340
43.700000000000351 340
43.800000000000352 340
43.900000000000354 348
44.000000000000355 348
44.100000000000357 348
44.200000000000358 348
44.30000000000036 348
44.400000000000361 348
44.500000000000362 348
44.600000000000364 348
44.700000000000365 348
44.800000000000367 348
44.900000000000368 348
45.000000000000369 348
45.100000000000371 348
45.200000000000372 348
45.300000000000374 348
45.400000000000375 348
45.500000000000377 348
45.600000000000378 348
45.700000000000379 348
45.800000000000381 348
45.900000000000382 348
46.000000000000384 348
46.100000000000385 348
46.200000000000387 348
46.300000000000388 348
46.400000000000389 348
46.500000000000391 348
46.600000000000392 348
46.700000000000394 348
46.800000000000395 348
46.900000000000396 348
47.000000000000398 348
47.100000000000399 348
47.200000000000401 348
47.300000000000402 348
47.400000000000404 348
47.500000000000405 348
47.600000000000406 348
47.700000000000408 348
47.800000000000409 348
47.900000000000411 348
48.000000000000412 348
48.100000000000414 348
48.200000000000415 348
48.300000000000416 348
48.400000000000418 348
48.500000000000419 348
48.600000000000421 348
48.700000000000422 348
48.800000000000423 348
48.900000000000425 348
49.000000000000426 348
49.100000000000428 348
49.200000000000429 348
49.300000000000431 348
49.400000000000432 348
49.500000000000433 348
49.600000000000435 348
49.700000000000436 348
49.800000000000438 348
49.900000000000439 348
50.000000000000441 348
50.100000000000442 348
50.200000000000443 348
50.300000000000445 348
50.400000000000446 348
50.500000000000448 348
50.600000000000449 348
50.70000000000045 348
50.800000000000452 348
50.900000000000453 348
51.000000000000455 348
51.100000000000456 348
51.200000000000458 348
51.300000000000459 348
51.40000000000046 348
51.500000000000462 348
51.600000000000463 348
51.700000000000465 348
51.800000000000466 348
51.900000000000468 348
52.000000000000469 341
52.10000000000047 341
52.200000000000472 341
52.300000000000473 341
52.400000000000475 341
52.500000000000476 341
52.600000000000477 341
52.700000000000479 341
52.80000000000048 341
52.900000000000482 341
53.000000000000483 341
53.100000000000485 341
53.200000000000486 341
53.300000000000487 333
53.400000000000489 333
53.50000000000049 333
53.600000000000492 333
53.700000000000493 333
53.800000000000495 333
53.900000000000496 333
54.000000000000497 333
54.100000000000499 333
54.2000000000005 333
54.300000000000502 333
54.400000000000503 333
54.500000000000504 333
54.600000000000506 322
54.700000000000507 322
54.800000000000509 322
54.90000000000051 322
55.000000000000512 322
55.100000000000513 322
55.200000000000514 322
55.300000000000516 322
55.400000000000517 322
55.500000000000519 322
55.60000000000052 322
55.700000000000522 322
55.800000000000523 313
55.900000000000524 313
56.000000000000526 313
56.100000000000527 313
56.200000000000529 313
56.30000000000053 313
56.400000000000531 313
56.500000000000533 313
56.600000000000534 313
56.700000000000536 313
56.800000000000537 313
56.900000000000539 313
57.00000000000054 313
57.100000000000541 313
57.200000000000543 313
57.300000000000544 311
57.400000000000546 311
57.500000000000547 311
57.600000000000549 311
57.70000000000055 311
57.800000000000551 311
57.900000000000553 311
58.000000000000554 311
58.100000000000556 311
58.200000000000557 311
58.300000000000558 311
58.40000000000056 311
58.500000000000561 311
58.600000000000563 311
58.700000000000564 311
58.800000000000566 311
58.900000000000567 311
59.000000000000568 311
59.10000000000057 311
59.200000000000571 311
59.300000000000573 324
59.400000000000574 324
59.500000000000576 324
59.600000000000577 324
59.700000000000578 324
59.80000000000058 324
59.900000000000581 324
60.000000000000583 324
60.100000000000584 324
60.200000000000585 324
60.300000000000587 324
60.400000000000588 324
60.50000000000059 324
60.600000000000591 324
60.700000000000593 324
60.800000000000594 324
60.900000000000595 324
61.000000000000597 324
61.100000000000598 324
61.2000000000006 324
61.300000000000601 324
61.400000000000603 324
61.500000000000604 324
61.600000000000605 324
61.700000000000607 324
61.800000000000608 324
61.90000000000061 324
62.000000000000611 324
62.100000000000612 324
62.200000000000614 324
62.300000000000615 324
62.400000000000617 324
62.500000000000618 324
62.60000000000062 324
62.700000000000621 324
62.800000000000622 324
62.900000000000624 324
63.000000000000625 324
63.100000000000627 324
63.200000000000628 324
63.30000000000063 324
63.400000000000631 324
63.500000000000632 324
63.600000000000634 324
63.700000000000635 324
63.800000000000637 324
63.900000000000638 324
64.000000000000639 324
64.100000000000634 324
64.200000000000628 324
64.300000000000622 324
64.400000000000617 324
64.500000000000611 324
64.600000000000605 324
64.7000000000006 324
64.800000000000594 324
64.900000000000588 324
65.000000000000583 324
65.100000000000577 324
65.200000000000571 324
65.300000000000566 324
65.40000000000056 324
65.500000000000554 324
65.600000000000549 324
65.700000000000543 324
65.800000000000537 324
65.900000000000531 324
66.000000000000526 324
66.10000000000052 324
66.200000000000514 324
66.300000000000509 324
66.400000000000503 324
66.500000000000497 324
66.600000000000492 324
66.700000000000486 324
66.80000000000048 314
66.900000000000475 314
67.000000000000469 314
67.100000000000463 314
67.200000000000458 314
67.300000000000452 314
67.400000000000446 314
67.500000000000441 314
67.600000000000435 314
67.700000000000429 314
67.800000000000423 314
67.900000000000418 314
68.000000000000412 314
68.100000000000406 307
68.200000000000401 307
68.300000000000395 307
68.400000000000389 307
68.500000000000384 307
68.600000000000378 307
68.700000000000372 307
68.800000000000367 307
68.900000000000361 307
69.000000000000355 307
69.10000000000035 307
69.200000000000344 307
69.300000000000338 307
69.400000000000333 307
69.500000000000327 307
69.600000000000321 307
69.700000000000315 307
69.80000000000031 310
69.900000000000304 310
70.000000000000298 310
70.100000000000293 310
70.200000000000287 310
70.300000000000281 310
70.400000000000276 310
70.50000000000027 310
70.600000000000264 310
70.700000000000259 310
70.800000000000253 310
70.900000000000247 310
71.000000000000242 310
71.100000000000236 310
71.20000000000023 310
71.300000000000225 310
71.400000000000219 310
71.500000000000213 310
71.600000000000207 310
71.700000000000202 310
71.800000000000196 310
71.90000000000019 310
72.000000000000185 310
72.100000000000179 310
72.200000000000173 310
72.300000000000168 310
72.400000000000162 310
72.500000000000156 310
72.600000000000151 310
72.700000000000145 310
72.800000000000139 310
72.900000000000134 310
73.000000000000128 310
73.100000000000122 310
73.200000000000117 310
73.300000000000111 310
73.400000000000105 310
73.500000000000099 310
73.600000000000094 310
73.700000000000088 310
73.800000000000082 310
73.900000000000077 310
74.000000000000071 310
74.100000000000065 310
74.20000000000006 310
74.300000000000054 310
74.400000000000048 310
74.500000000000043 310
74.600000000000037 310
74.700000000000031 310
74.800000000000026 310
74.90000000000002 310
75.000000000000014 310
75.100000000000009 310
75.200000000000003 310
75.299999999999997 310
75.399999999999991 310
75.499999999999986 310
75.59999999999998 310
75.699999999999974 310
75.799999999999969 310
75.899999999999963 310
75.999999999999957 310
76.099999999999952 310
76.199999999999946 310
76.29999999999994 310
76.399999999999935 310
76.499999999999929 310
76.599999999999923 310
76.699999999999918 310
76.799999999999912 310
76.899999999999906 310
76.999999999999901 310
77.099999999999895 310
77.199999999999889 310
77.299999999999883 310
77.399999999999878 310
77.499999999999872 310
77.599999999999866 310
77.699999999999861 310
77.799999999999855 310
77.899999999999849 310
77.999999999999844 302
78.099999999999838 302
78.199999999999832 302
78.299999999999827 302
78.399999999999821 302
78.499999999999815 302
78.59999999999981 302
78.699999999999804 302
78.799999999999798 302
78.899999999999793 302
78.999999999999787 302
79.099999999999781 302
79.199999999999775 302
79.29999999999977 302
79.399999999999764 298
79.499999999999758 298
79.599999999999753 298
79.699999999999747 298
79.799999999999741 298
79.899999999999736 298
79.99999999999973 298
80.099999999999724 298
80.199999999999719 298
80.299999999999713 298
80.399999999999707 298
80.499999999999702 298
80.599999999999696 292
80.69999999999969 292
80.799999999999685 292
80.899999999999679 292
80.999999999999673 292
81.099999999999667 292
81.199999999999662 292
81.299999999999656 292
81.39999999999965 292
81.499999999999645 292
81.599999999999639 292
81.699999999999633 292
81.799999999999628 292
81.899999999999622 292
81.999999999999616 291
82.099999999999611 291
82.199999999999605 291
82.299999999999599 291
82.399999999999594 291
82.499999999999588 291
82.599999999999582 291
82.699999999999577 291
82.799999999999571 291
82.899999999999565 291
82.999999999999559 291
83.099999999999554 291
83.199999999999548 291
83.299999999999542 291
83.399999999999537 291
83.499999999999531 291
83.599999999999525 291
83.69999999999952 291
83.799999999999514 291
83.899999999999508 291
83.999999999999503 291
84.099999999999497 291
84.199999999999491 291
84.299999999999486 291
84.39999999999948 291
84.499999999999474 291
84.599999999999469 291
84.699999999999463 291
84.799999999999457 291
84.899999999999451 291
84.999999999999446 291
85.09999999999944 291
85.199999999999434 291
85.299999999999429 291
85.399999999999423 291
85.499999999999417 291
85.599999999999412 291
85.699999999999406 291
85.7999999999994 291
85.899999999999395 291
85.999999999999389 291
86.099999999999383 291
86.199999999999378 291
86.299999999999372 291
86.399999999999366 291
86.499999999999361 291
86.599999999999355 291
86.699999999999349 291
86.799999999999343 291
86.899999999999338 291
86.999999999999332 291
87.099999999999326 291
87.199999999999321 291
87.299999999999315 291
87.399999999999309 291
87.499999999999304 291
87.599999999999298 291
87.699999999999292 291
87.799999999999287 291
87.899999999999281 291
87.999999999999275 291
88.09999999999927 291
88.199999999999264 291
88.299999999999258 291
88.399999999999253 291
88.499999999999247 291
88.599999999999241 291
88.699999999999235 291
88.79999999999923 291
88.899999999999224 291
88.999999999999218 291
89.099999999999213 291
89.199999999999207 291
89.299999999999201 291
89.399999999999196 291
89.49999999999919 291
89.599999999999184 291
89.699999999999179 291
89.799999999999173 291
89.899999999999167 291
89.999999999999162 291
90.099999999999156 285
90.19999999999915 285
90.299999999999145 285
90.399999999999139 285
90.499999999999133 285
90.599999999999127 285
90.699999999999122 285
90.799999999999116 285
90.89999999999911 285
90.999999999999105 285
91.099999999999099 285
91.199999999999093 285
91.299999999999088 281
91.399999999999082 281
91.499999999999076 281
91.599999999999071 281
91.699999999999065 281
91.799999999999059 281
91.899999999999054 281
91.999999999999048 281
92.099999999999042 281
92.199999999999037 281
92.299999999999031 281
92.399999999999025 281
92.499999999999019 281
92.599999999999014 281
92.699999999999008 281
92.799999999999002 281
92.899999999998997 281
92.999999999998991 281
93.099999999998985 291
93.19999999999898 291
93.299999999998974 291
93.399999999998968 291
93.499999999998963 291
93.599999999998957 291
93.699999999998951 291
93.799999999998946 291
93.89999999999894 291
93.999999999998934 291
94.099999999998929 291
94.199999999998923 291
94.299999999998917 291
94.399999999998911 291
94.499999999998906 291
94.5999999999989 291
94.699999999998894 291
94.799999999998889 291
94.899999999998883 291
94.999999999998877 291
95.099999999998872 291
95.199999999998866 291
95.29999999999886 291
95.399999999998855 291
95.499999999998849 291
95.599999999998843 291
95.699999999998838 291
95.799999999998832 291
95.899999999998826 291
95.99999999999882 291
96.099999999998815 291
96.199999999998809 291
96.299999999998803 291
96.399999999998798 291
96.499999999998792 291
96.599999999998786 291
96.699999999998781 291
96.799999999998775 291
96.899999999998769 291
96.999999999998764 291
97.099999999998758 291
97.199999999998752 291
97.299999999998747 291
97.399999999998741 291
97.499999999998735 291
97.59999999999873 291
97.699999999998724 291
97.799999999998718 291
97.899999999998712 291
97.999999999998707 291
98.099999999998701 291
98.199999999998695 291
98.29999999999869 291
98.399999999998684 291
98.499999999998678 291
98.599999999998673 291
98.699999999998667 291
98.799999999998661 291
98.899999999998656 291
98.99999999999865 291
99.099999999998644 291
99.199999999998639 291
99.299999999998633 291
99.399999999998627 291
99.499999999998622 291
99.599999999998616 291
99.69999999999861 286
99.799999999998604 286
99.899999999998599 286
99.999999999998593 286
100.09999999999859 286
100.19999999999858 286
100.29999999999858 286
100.39999999999857 286
100.49999999999856 286
100.59999999999856 286
100.69999999999855 286
100.79999999999855 286
100.89999999999854 286
100.99999999999854 281
101.09999999999853 281
101.19999999999852 281
101.29999999999852 281
101.39999999999851 281
101.49999999999851 281
101.5999999999985 281
101.6999999999985 281
101.79999999999849 281
101.89999999999849 281
101.99999999999848 281
102.09999999999847 281
102.19999999999847 277
102.29999999999846 277
102.39999999999846 277
102.49999999999845 277
102.59999999999845 277
102.69999999999844 277
102.79999999999843 277
102.89999999999843 277
102.99999999999842 277
103.09999999999842 277
103.19999999999841 277
103.29999999999841 277
103.3999999999984 274
103.49999999999839 274
103.59999999999839 274
103.69999999999838 274
103.79999999999838 274
103.89999999999837 274
103.99999999999837 274
104.09999999999836 274
104.19999999999835 274
104.29999999999835 274
104.39999999999834 274
104.49999999999834 274
104.59999999999833 274
104.69999999999833 274
104.79999999999832 274
104.89999999999831 274
104.99999999999831 278
105.0999999999983 278
105.1999999999983 278
105.29999999999829 278
105.39999999999829 278
105.49999999999828 278
105.59999999999827 278
105.69999999999827 278
105.79999999999826 278
105.89999999999826 278
105.99999999999825 278
106.09999999999825 278
106.19999999999824 278
106.29999999999824 276
106.39999999999823 276
106.49999999999822 276
106.59999999999822 276
106.69999999999821 276
106.79999999999821 276
106.8999999999982 276
106.9999999999982 276
107.09999999999819 276
107.19999999999818 276
107.29999999999818 276
107.39999999999817 276
107.49999999999817 276
107.59999999999816 276
107.69999999999816 276
107.79999999999815 276
107.89999999999814 276
107.99999999999814 276
108.09999999999813 276
108.19999999999813 276
108.29999999999812 291
108.39999999999812 291
108.49999999999811 291
108.5999999999981 291
108.6999999999981 291
108.79999999999809 291
108.89999999999809 291
108.99999999999808 291
109.09999999999808 291
109.19999999999807 291
109.29999999999806 291
109.39999999999806 291
109.49999999999805 291
109.59999999999805 291
109.69999999999804 291
109.79999999999804 291
109.89999999999803 291
109.99999999999802 291
110.09999999999802 291
110.19999999999801 291
110.29999999999801 291
110.399999999998 291
110.499999999998 291
110.59999999999799 291
110.69999999999798 291
110.79999999999798 291
110.89999999999797 291
110.99999999999797 291
111.09999999999796 291
111.19999999999796 291
111.29999999999795 291
111.39999999999795 291
111.49999999999794 291
111.59999999999793 291
111.69999999999793 291
111.79999999999792 291
111.89999999999792 291
111.99999999999791 291
112.09999999999791 291
112.1999999999979 291
112.29999999999789 291
112.39999999999789 291
112.49999999999788 291
112.59999999999788 291
112.69999999999787 291
112.79999999999787 291
112.89999999999786 291
112.99999999999785 291
113.09999999999785 291
113.19999999999784 291
113.29999999999784 291
113.39999999999783 291
113.49999999999783 291
113.59999999999782 291
113.69999999999781 291
113.79999999999781 291
113.8999999999978 291
113.9999999999978 291
114.09999999999779 291
114.19999999999779 291
114.29999999999778 291
114.39999999999777 291
114.49999999999777 291
114.59999999999776 291
114.69999999999776 291
114.79999999999775 291
114.89999999999775 291
114.99999999999774 291
115.09999999999773 291
115.19999999999773 291
115.29999999999772 291
115.39999999999772 291
115.49999999999771 291
115.59999999999771 291
115.6999999999977 291
115.79999999999769 291
115.89999999999769 291
115.99999999999768 291
116.09999999999768 291
116.19999999999767 291
116.29999999999767 291
116.39999999999766 291
116.49999999999766 293
116.59999999999765 293
116.69999999999764 293
116.79999999999764 293
116.89999999999763 293
116.99999999999763 293
117.09999999999762 293
117.19999999999762 293
117.29999999999761 293
117.3999999999976 293
117.4999999999976 293
117.59999999999759 293
117.69999999999759 288
117.79999999999758 288
117.89999999999758 288
117.99999999999757 288
118.09999999999756 288
118.19999999999756 288
118.29999999999755 288
118.39999999999755 288
118.49999999999754 288
118.59999999999754 288
118.69999999999753 288
118.79999999999752 288
118.89999999999752 288
118.99999999999751 288
119.09999999999751 288
119.1999999999975 288
119.2999999999975 288
119.39999999999749 293
119.49999999999748 293
119.59999999999748 293
119.69999999999747 293
119.79999999999747 293
119.89999999999746 293
119.99999999999746 293
120.09999999999745 293
120.19999999999744 293
120.29999999999744 293
120.39999999999743 293
120.49999999999743 293
120.59999999999742 288
120.69999999999742 288
120.79999999999741 288
120.89999999999741 288
120.9999999999974 288
121.09999999999739 288
121.19999999999739 288
121.29999999999738 288
121.39999999999738 288
121.49999999999737 288
121.59999999999737 288
121.69999999999736 288
121.79999999999735 288
121.89999999999735 288
121.99999999999734 286
122.09999999999734 286
122.19999999999733 286
122.29999999999733 286
122.39999999999732 286
122.49999999999731 286
122.59999999999731 286
122.6999999999973 286
122.7999999999973 286
122.89999999999729 286
122.99999999999729 286
123.09999999999728 286
123.19999999999727 286
123.29999999999727 286
123.39999999999726 286
123.49999999999726 288
123.59999999999725 288
123.69999999999725 288
123.79999999999724 288
123.89999999999723 288
123.99999999999723 288
124.09999999999722 288
124.19999999999722 288
124.29999999999721 288
124.39999999999721 288
124.4999999999972 288
124.59999999999719 288
124.69999999999719 288
124.79999999999718 284
124.89999999999718 284
124.99999999999717 284
125.09999999999717 284
125.19999999999716 284
125.29999999999715 284
125.39999999999715 284
125.49999999999714 284
125.59999999999714 284
125.69999999999713 284
125.79999999999713 284
125.89999999999712 284
125.99999999999712 284
126.09999999999711 284
126.1999999999971 284
126.2999999999971 286
126.39999999999709 286
126.49999999999709 286
126.59999999999708 286
126.69999999999708 286
126.79999999999707 286
126.89999999999706 286
126.99999999999706 286
127.09999999999705 286
127.19999999999705 286
127.29999999999704 286
127.39999999999704 286
127.49999999999703 286
127.59999999999702 286
127.69999999999702 286
127.79999999999701 286
127.89999999999701 286
127.999999999997 286
128.09999999999701 286
128.199999999997 286
128.299999999997 286
128.39999999999699 286
128.49999999999699 306
128.59999999999698 306
128.69999999999698 306
128.79999999999697 306
128.89999999999696 306
128.99999999999696 306
129.09999999999695 306
129.19999999999695 306
129.29999999999694 306
129.39999999999694 306
129.49999999999693 306
129.59999999999692 306
129.69999999999692 306
129.79999999999691 306
129.89999999999691 306
129.9999999999969 306
130.0999999999969 306
130.19999999999689 306
130.29999999999688 306
130.39999999999688 306
130.49999999999687 306
130.59999999999687 320
130.69999999999686 320
130.79999999999686 320
130.89999999999685 320
130.99999999999685 320
131.09999999999684 320
131.19999999999683 320
131.29999999999683 320
131.39999999999682 320
131.49999999999682 320
131.59999999999681 320
131.69999999999681 320
131.7999999999968 320
131.89999999999679 320
131.99999999999679 320
132.09999999999678 320
132.19999999999678 320
132.29999999999677 320
132.39999999999677 320
132.49999999999676 320
132.59999999999675 320
132.69999999999675 320
132.79999999999674 320
132.89999999999674 320
132.99999999999673 320
133.09999999999673 320
133.19999999999672 320
133.29999999999671 320
133.39999999999671 320
133.4999999999967 320
133.5999999999967 320
133.69999999999669 320
133.79999999999669 320
133.89999999999668 320
133.99999999999667 320
134.09999999999667 320
134.19999999999666 320
134.29999999999666 320
134.39999999999665 320
134.49999999999665 320
134.59999999999664 320
134.69999999999663 320
134.79999999999663 320
134.89999999999662 320
134.99999999999662 320
135.09999999999661 320
135.19999999999661 320
135.2999999999966 320
135.3999999999966 320
135.49999999999659 320
135.59999999999658 320
135.69999999999658 320
135.79999999999657 320
135.89999999999657 320
135.99999999999656 320
136.09999999999656 320
136.19999999999655 320
136.29999999999654 320
136.39999999999654 320
136.49999999999653 320
136.59999999999653 320
136.69999999999652 320
136.79999999999652 320
136.89999999999651 320
136.9999999999965 320
137.0999999999965 320
137.19999999999649 320
137.29999999999649 320
137.39999999999648 320
137.49999999999648 320
137.59999999999647 320
137.69999999999646 320
137.79999999999646 320
137.89999999999645 320
137.99999999999645 320
138.09999999999644 311
138.19999999999644 311
138.29999999999643 311
138.39999999999642 311
138.49999999999642 311
138.59999999999641 311
138.69999999999641 311
138.7999999999964 311
138.8999999999964 311
138.99999999999639 311
139.09999999999638 311
139.19999999999638 311
139.29999999999637 311
139.39999999999637 303
139.49999999999636 303
139.59999999999636 303
139.69999999999635 303
139.79999999999634 303
139.89999999999634 303
139.99999999999633 303
140.09999999999633 303
140.19999999999632 303
140.29999999999632 303
140.39999999999631 303
140.49999999999631 303
140.5999999999963 296
140.69999999999629 296
140.79999999999629 296
140.89999999999628 296
140.99999999999628 296
141.09999999999627 296
141.19999999999627 296
141.29999999999626 296
141.39999999999625 296
141.49999999999625 296
141.59999999999624 296
141.69999999999624 296
141.79999999999623 296
141.89999999999623 296
141.99999999999622 296
142.09999999999621 296
142.19999999999621 296
142.2999999999962 296
142.3999999999962 304
142.49999999999619 304
142.59999999999619 304
142.69999999999618 304
142.79999999999617 304
142.89999999999617 304
142.99999999999616 304
143.09999999999616 304
143.19999999999615 304
143.29999999999615 304
143.39999999999614 304
143.49999999999613 304
143.59999999999613 304
143.69999999999612 304
143.79999999999612 304
143.89999999999611 304
143.99999999999611 304
144.0999999999961 304
144.19999999999609 304
144.29999999999609 304
144.39999999999608 304
144.49999999999608 304
144.59999999999607 304
144.69999999999607 304
144.79999999999606 304
144.89999999999606 304
144.99999999999605 304
145.09999999999604 304
145.19999999999604 304
145.29999999999603 304
145.39999999999603 304
145.49999999999602 304
145.59999999999602 304
145.69999999999601 304
145.799999999996 304
145.899999999996 304
145.99999999999599 304
146.09999999999599 304
146.19999999999598 304
146.29999999999598 304
146.39999999999597 304
146.49999999999596 304
146.59999999999596 304
146.69999999999595 304
146.79999999999595 304
146.89999999999594 304
146.99999999999594 304
147.09999999999593 304
147.19999999999592 304
147.29999999999592 304
147.39999999999591 304
147.49999999999591 304
147.5999999999959 304
147.6999999999959 304
147.79999999999589 304
147.89999999999588 304
147.99999999999588 304
148.09999999999587 304
148.19999999999587 304
148.29999999999586 304
148.39999999999586 304
148.49999999999585 304
148.59999999999584 304
148.69999999999584 304
148.79999999999583 304
148.89999999999583 304
148.99999999999582 304
149.09999999999582 304
149.19999999999581 304
149.2999999999958 304
149.3999999999958 304
149.49999999999579 304
149.59999999999579 304
149.69999999999578 304
149.79999999999578 304
149.89999999999577 304
149.99999999999577 304
150.09999999999576 304
150.19999999999575 304
150.29999999999575 302
150.39999999999574 302
150.49999999999574 302
150.59999999999573 302
150.69999999999573 302
150.79999999999572 302
150.89999999999571 302
150.99999999999571 302
151.0999999999957 302
151.1999999999957 302
151.29999999999569 302
151.39999999999569 302
151.49999999999568 302
151.59999999999567 297
151.69999999999567 297
151.79999999999566 297
151.89999999999566 297
151.99999999999565 297
152.09999999999565 297
152.19999999999564 297
152.29999999999563 297
152.39999999999563 297
152.49999999999562 297
152.59999999999562 297
152.69999999999561 297
152.79999999999561 297
152.8999999999956 297
152.99999999999559 297
153.09999999999559 297
153.19999999999558 300
153.29999999999558 300
153.39999999999557 300
153.49999999999557 300
153.59999999999556 300
153.69999999999555 300
153.79999999999555 300
153.89999999999554 300
153.99999999999554 300
154.09999999999553 300
154.19999999999553 300
154.29999999999552 300
154.39999999999552 300
154.49999999999551 300
154.5999999999955 298
154.6999999999955 298
154.79999999999549 298
154.89999999999549 298
154.99999999999548 298
155.09999999999548 298
155.19999999999547 298
155.29999999999546 298
155.39999999999546 298
155.49999999999545 298
155.59999999999545 298
155.69999999999544 298
155.79999999999544 298
155.89999999999543 298
155.99999999999542 298
156.09999999999542 298
156.19999999999541 298
156.29999999999541 298
156.3999999999954 298
156.4999999999954 298
156.59999999999539 309
156.69999999999538 309
156.79999999999538 309
156.89999999999537 309
156.99999999999537 309
157.09999999999536 309
157.19999999999536 309
157.29999999999535 309
157.39999999999534 309
157.49999999999534 309
157.59999999999533 309
157.69999999999533 309
157.79999999999532 309
157.89999999999532 309
157.99999999999531 309
158.0999999999953 309
158.1999999999953 309
158.29999999999529 309
158.39999999999529 316
158.49999999999528 316
158.59999999999528 316
158.69999999999527 316
158.79999999999526 316
158.89999999999526 316
158.99999999999525 316
159.09999999999525 316
159.19999999999524 316
159.29999999999524 316
159.39999999999523 316
159.49999999999523 316
159.59999999999522 316
159.69999999999521 316
159.79999999999521 316
159.8999999999952 316
159.9999999999952 316
160.09999999999519 316
160.19999999999519 316
160.29999999999518 316
160.39999999999517 316
160.49999999999517 316
160.59999999999516 316
160.69999999999516 333
160.79999999999515 333
160.89999999999515 333
160.99999999999514 333
161.09999999999513 333
161.19999999999513 333
161.29999999999512 333
161.39999999999512 333
161.49999999999511 333
161.59999999999511 333
161.6999999999951 333
161.79999999999509 333
161.89999999999509 333
161.99999999999508 333
162.09999999999508 333
162.19999999999507 333
162.29999999999507 333
162.39999999999506 333
162.49999999999505 333
162.59999999999505 333
162.69999999999504 333
162.79999999999504 333
162.89999999999503 333
162.99999999999503 333
163.09999999999502 333
163.19999999999501 333
163.29999999999501 333
163.399999999995 333
163.499999999995 333
163.59999999999499 333
163.69999999999499 333
163.79999999999498 333
163.89999999999498 333
163.99999999999497 333
164.09999999999496 333
164.19999999999496 333
164.29999999999495 333
164.39999999999495 333
164.49999999999494 333
164.59999999999494 333
164.69999999999493 333
164.79999999999492 333
164.89999999999492 333
164.99999999999491 333
165.09999999999491 333
165.1999999999949 333
165.2999999999949 333
165.39999999999489 333
165.49999999999488 333
165.59999999999488 333
165.69999999999487 333
165.79999999999487 333
165.89999999999486 333
165.99999999999486 333
166.09999999999485 333
166.19999999999484 333
166.29999999999484 333
166.39999999999483 333
166.49999999999483 333
166.59999999999482 331
166.69999999999482 331
166.79999999999481 331
166.8999999999948 331
166.9999999999948 331
167.09999999999479 331
167.19999999999479 331
167.29999999999478 331
167.39999999999478 331
167.49999999999477 331
167.59999999999476 331
167.69999999999476 331
167.79999999999475 331
167.89999999999475 321
167.99999999999474 321
168.09999999999474 321
168.19999999999473 321
168.29999999999472 321
168.39999999999472 321
168.49999999999471 321
168.59999999999471 321
168.6999999999947 321
168.7999999999947 321
168.89999999999469 321
168.99999999999469 321
169.09999999999468 321
169.19999999999467 321
169.29999999999467 321
169.39999999999466 320
169.49999999999466 320
169.59999999999465 320
169.69999999999465 320
169.79999999999464 320
169.89999999999463 320
169.99999999999463 320
170.09999999999462 320
170.19999999999462 320
170.29999999999461 320
170.39999999999461 320
170.4999999999946 320
170.59999999999459 320
170.69999999999459 311
170.79999999999458 311
170.89999999999458 311
170.99999999999457 311
171.09999999999457 311
171.19999999999456 311
171.29999999999455 311
171.39999999999455 311
171.49999999999454 311
171.59999999999454 311
171.69999999999453 311
171.79999999999453 311
171.89999999999452 311
171.99999999999451 311
172.09999999999451 311
172.1999999999945 311
172.2999999999945 311
172.39999999999449 311
172.49999999999449 311
172.59999999999448 320
172.69999999999447 320
172.79999999999447 320
172.89999999999446 320
172.99999999999446 320
173.09999999999445 320
173.19999999999445 320
173.29999999999444 320
173.39999999999444 320
173.49999999999443 320
173.59999999999442 320
173.69999999999442 320
173.79999999999441 320
173.89999999999441 320
173.9999999999944 320
174.0999999999944 320
174.19999999999439 320
174.29999999999438 323
174.39999999999438 323
174.49999999999437 323
174.59999999999437 323
174.69999999999436 323
174.79999999999436 323
174.89999999999435 323
174.99999999999434 323
175.09999999999434 323
175.19999999999433 323
175.29999999999433 323
175.39999999999432 323
175.49999999999432 323
175.59999999999431 323
175.6999999999943 323
175.7999999999943 323
175.89999999999429 323
175.99999999999429 323
176.09999999999428 323
176.19999999999428 323
176.29999999999427 323
176.39999999999426 335
176.49999999999426 335
176.59999999999425 335
176.69999999999425 335
176.79999999999424 335
176.89999999999424 335
176.99999999999423 335
177.09999999999422 335
177.19999999999422 335
177.29999999999421 335
177.39999999999421 335
177.4999999999942 335
177.5999999999942 335
177.69999999999419 335
177.79999999999418 335
177.89999999999418 335
177.99999999999417 335
178.09999999999417 335
178.19999999999416 335
178.29999999999416 335
178.39999999999415 335
178.49999999999415 335
178.59999999999414 335
178.69999999999413 335
178.79999999999413 335
178.89999999999412 335
178.99999999999412 335
179.09999999999411 335
179.19999999999411 335
179.2999999999941 335
179.39999999999409 335
179.49999999999409 335
179.59999999999408 335
179.69999999999408 335
179.79999999999407 335
179.89999999999407 335
179.99999999999406 335
180.09999999999405 335
180.19999999999405 335
180.29999999999404 335
180.39999999999404 335
180.49999999999403 335
180.59999999999403 335
180.69999999999402 335
180.79999999999401 335
180.89999999999401 335
180.999999999994 335
181.099999999994 335
181.19999999999399 335
181.29999999999399 335
181.39999999999398 335
181.49999999999397 335
181.59999999999397 335
181.69999999999396 335
181.79999999999396 335
181.89999999999395 335
181.99999999999395 335
182.09999999999394 335
182.19999999999393 335
182.29999999999393 335
182.39999999999392 335
182.49999999999392 335
182.59999999999391 335
182.69999999999391 335
182.7999999999939 335
182.8999999999939 335
182.99999999999389 335
183.09999999999388 335
183.19999999999388 335
183.29999999999387 335
183.39999999999387 335
183.49999999999386 335
183.59999999999386 335
183.69999999999385 335
183.79999999999384 335
183.89999999999384 335
183.99999999999383 335
184.09999999999383 324
184.19999999999382 324
184.29999999999382 324
184.39999999999381 324
184.4999999999938 324
184.5999999999938 324
184.69999999999379 324
184.79999999999379 324
184.89999999999378 324
184.99999999999378 324
185.09999999999377 324
185.19999999999376 324
185.29999999999376 324
185.39999999999375 315
185.49999999999375 315
185.59999999999374 315
185.69999999999374 315
185.79999999999373 315
185.89999999999372 315
185.99999999999372 315
186.09999999999371 315
186.19999999999371 315
186.2999999999937 315
186.3999999999937 315
186.49999999999369 315
186.59999999999368 306
186.69999999999368 306
186.79999999999367 306
186.89999999999367 306
186.99999999999366 306
187.09999999999366 306
187.19999999999365 306
187.29999999999364 306
187.39999999999364 306
187.49999999999363 306
187.59999999999363 306
187.69999999999362 306
187.79999999999362 299
187.89999999999361 299
187.99999999999361 299
188.0999999999936 299
188.19999999999359 299
188.29999999999359 299
188.39999999999358 299
188.49999999999358 299
188.59999999999357 299
188.69999999999357 299
188.79999999999356 299
188.89999999999355 299
188.99999999999355 299
189.09999999999354 293
189.19999999999354 293
189.29999999999353 293
189.39999999999353 293
189.49999999999352 293
189.59999999999351 293
189.69999999999351 293
189.7999999999935 293
189.8999999999935 293
189.99999999999349 293
190.09999999999349 293
190.19999999999348 293
190.29999999999347 293
190.39999999999347 288
190.49999999999346 288
190.59999999999346 288
190.69999999999345 288
190.79999999999345 288
190.89999999999344 288
190.99999999999343 288
191.09999999999343 288
191.19999999999342 288
191.29999999999342 288
191.39999999999341 288
191.49999999999341 288
191.5999999999934 288
191.69999999999339 288
191.79999999999339 288
191.89999999999338 288
191.99999999999338 288
192.09999999999337 288
192.19999999999337 288
192.29999999999336 288
192.39999999999336 288
192.49999999999335 288
192.59999999999334 288
192.69999999999334 288
192.79999999999333 288
192.89999999999333 288
192.99999999999332 288
193.09999999999332 288
193.19999999999331 288
193.2999999999933 288
193.3999999999933 292
193.49999999999329 292
193.59999999999329 292
193.69999999999328 292
193.79999999999328 292
193.89999999999327 292
193.99999999999326 292
194.09999999999326 292
194.19999999999325 292
194.29999999999325 292
194.39999999999324 292
194.49999999999324 292
194.59999999999323 292
194.69999999999322 292
194.79999999999322 292
194.89999999999321 292
194.99999999999321 296
195.0999999999932 296
195.1999999999932 296
195.29999999999319 296
195.39999999999318 296
195.49999999999318 296
195.59999999999317 296
195.69999999999317 296
195.79999999999316 296
195.89999999999316 296
195.99999999999315 296
196.09999999999314 296
196.19999999999314 296
196.29999999999313 296
196.39999999999313 296
196.49999999999312 296
196.59999999999312 299
196.69999999999311 299
196.7999999999931 299
196.8999999999931 299
196.99999999999309 299
197.09999999999309 299
197.19999999999308 299
197.29999999999308 299
197.39999999999307 299
197.49999999999307 299
197.59999999999306 299
197.69999999999305 299
197.79999999999305 299
197.89999999999304 299
197.99999999999304 299
198.09999999999303 299
198.19999999999303 302
198.29999999999302 302
198.39999999999301 302
198.49999999999301 302
198.599999999993 302
198.699999999993 302
198.79999999999299 302
198.89999999999299 302
198.99999999999298 302
199.09999999999297 302
199.19999999999297 302
199.29999999999296 302
199.39999999999296 302
199.49999999999295 302
199.59999999999295 302
199.69999999999294 302
199.79999999999293 304
199.89999999999293 304
199.99999999999292 304
