0 3.0
0.10000000000000001 3.0
0.20000000000000001 3.0
0.30000000000000004 3.0
0.40000000000000002 3.0
0.5 3.0
0.59999999999999998 3.0
0.69999999999999996 3.0
0.79999999999999993 3.0
0.89999999999999991 3.0
0.99999999999999989 3.0
1.0999999999999999 2.1000000000000001
1.2 2.1000000000000001
1.3 2.1000000000000001
1.4000000000000001 2.1000000000000001
1.5000000000000002 2.1000000000000001
1.6000000000000003 2.1000000000000001
1.7000000000000004 2.1000000000000001
1.8000000000000005 2.1000000000000001
1.9000000000000006 2.1000000000000001
2.0000000000000004 2.1000000000000001
2.1000000000000005 2.1000000000000001
2.2000000000000006 2.1000000000000001
2.3000000000000007 2.1400000000000001
2.4000000000000008 2.1400000000000001
2.5000000000000009 2.1400000000000001
2.600000000000001 2.1400000000000001
2.7000000000000011 2.1400000000000001
2.8000000000000012 2.1400000000000001
2.9000000000000012 2.1400000000000001
3.0000000000000013 2.1400000000000001
3.1000000000000014 2.1400000000000001
3.2000000000000015 2.1400000000000001
3.3000000000000016 2.1400000000000001
3.4000000000000017 2.1400000000000001
3.5000000000000018 2.1400000000000001
3.6000000000000019 2.1899999999999999
3.700000000000002 2.1899999999999999
3.800000000000002 2.1899999999999999
3.9000000000000021 2.1899999999999999
4.0000000000000018 2.1899999999999999
4.1000000000000014 2.1899999999999999
4.2000000000000011 2.1899999999999999
4.3000000000000007 2.1899999999999999
4.4000000000000004 2.1899999999999999
4.5 2.1899999999999999
4.5999999999999996 2.1899999999999999
4.6999999999999993 2.1899999999999999
4.7999999999999989 2.1899999999999999
4.8999999999999986 2.1899999999999999
4.9999999999999982 2.1899999999999999
5.0999999999999979 2.1899999999999999
5.1999999999999975 2.3100000000000001
5.2999999999999972 2.3100000000000001
5.3999999999999968 2.3100000000000001
5.4999999999999964 2.3100000000000001
5.5999999999999961 2.3100000000000001
5.6999999999999957 2.3100000000000001
5.7999999999999954 2.3100000000000001
5.899999999999995 2.3100000000000001
5.9999999999999947 2.3100000000000001
6.0999999999999943 2.3100000000000001
6.199999999999994 2.3100000000000001
6.2999999999999936 2.3100000000000001
6.3999999999999932 2.3100000000000001
6.4999999999999929 2.3100000000000001
6.5999999999999925 2.3100000000000001
6.6999999999999922 2.3100000000000001
6.7999999999999918 2.4300000000000002
6.8999999999999915 2.4300000000000002
6.9999999999999911 2.4300000000000002
7.0999999999999908 2.4300000000000002
7.1999999999999904 2.4300000000000002
7.2999999999999901 2.4300000000000002
7.3999999999999897 2.4300000000000002
7.4999999999999893 2.4300000000000002
7.599999999999989 2.4300000000000002
7.6999999999999886 2.4300000000000002
7.7999999999999883 2.4300000000000002
7.8999999999999879 2.4300000000000002
7.9999999999999876 2.4300000000000002
8.0999999999999872 2.4300000000000002
8.1999999999999869 2.4300000000000002
8.2999999999999865 2.4300000000000002
8.3999999999999861 2.52
8.4999999999999858 2.52
8.5999999999999854 2.52
8.6999999999999851 2.52
8.7999999999999847 2.52
8.8999999999999844 2.52
8.999999999999984 2.52
9.0999999999999837 2.52
9.1999999999999833 2.52
9.2999999999999829 2.52
9.3999999999999826 2.52
9.4999999999999822 2.52
9.5999999999999819 2.52
9.6999999999999815 2.52
9.7999999999999812 2.52
9.8999999999999808 2.52
9.9999999999999805 2.6099999999999999
10.09999999999998 2.6099999999999999
10.19999999999998 2.6099999999999999
10.299999999999979 2.6099999999999999
10.399999999999979 2.6099999999999999
10.499999999999979 2.6099999999999999
10.599999999999978 2.6099999999999999
10.699999999999978 2.6099999999999999
10.799999999999978 2.6099999999999999
10.899999999999977 2.6099999999999999
10.999999999999977 2.6099999999999999
11.099999999999977 2.6099999999999999
11.199999999999976 2.6099999999999999
11.299999999999976 2.6099999999999999
11.399999999999975 2.6099999999999999
11.499999999999975 2.6099999999999999
11.599999999999975 2.6800000000000002
11.699999999999974 2.6800000000000002
11.799999999999974 2.6800000000000002
11.899999999999974 2.6800000000000002
11.999999999999973 2.6800000000000002
12.099999999999973 2.6800000000000002
12.199999999999973 2.6800000000000002
12.299999999999972 2.6800000000000002
12.399999999999972 2.6800000000000002
12.499999999999972 2.6800000000000002
12.599999999999971 2.6800000000000002
12.699999999999971 2.6800000000000002
12.799999999999971 2.6800000000000002
12.89999999999997 2.6800000000000002
12.99999999999997 2.6800000000000002
13.099999999999969 2.6800000000000002
13.199999999999969 2.75
13.299999999999969 2.75
13.399999999999968 2.75
13.499999999999968 2.75
13.599999999999968 2.75
13.699999999999967 2.75
13.799999999999967 2.75
13.899999999999967 2.75
13.999999999999966 2.75
14.099999999999966 2.75
14.199999999999966 2.75
14.299999999999965 2.75
14.399999999999965 2.75
14.499999999999964 2.75
14.599999999999964 2.75
14.699999999999964 2.75
14.799999999999963 2.8100000000000001
14.899999999999963 2.8100000000000001
14.999999999999963 2.8100000000000001
15.099999999999962 2.8100000000000001
15.199999999999962 2.8100000000000001
15.299999999999962 2.8100000000000001
15.399999999999961 2.8100000000000001
15.499999999999961 2.8100000000000001
15.599999999999961 2.8100000000000001
15.69999999999996 2.8100000000000001
15.79999999999996 2.8100000000000001
15.899999999999959 2.8100000000000001
15.999999999999959 2.8100000000000001
16.099999999999959 2.8100000000000001
16.19999999999996 2.8100000000000001
16.299999999999962 2.8100000000000001
16.399999999999963 2.8599999999999999
16.499999999999964 2.8599999999999999
16.599999999999966 2.8599999999999999
16.699999999999967 2.8599999999999999
16.799999999999969 2.8599999999999999
16.89999999999997 2.8599999999999999
16.999999999999972 2.8599999999999999
17.099999999999973 2.8599999999999999
17.199999999999974 2.8599999999999999
17.299999999999976 2.8599999999999999
17.399999999999977 2.8599999999999999
17.499999999999979 2.8599999999999999
17.59999999999998 2.8599999999999999
17.699999999999982 2.8599999999999999
17.799999999999983 2.8599999999999999
17.899999999999984 2.8599999999999999
17.999999999999986 2.8999999999999999
18.099999999999987 2.8999999999999999
18.199999999999989 2.8999999999999999
18.29999999999999 2.8999999999999999
18.399999999999991 2.8999999999999999
18.499999999999993 2.8999999999999999
18.599999999999994 2.8999999999999999
18.699999999999996 2.8999999999999999
18.799999999999997 2.8999999999999999
18.899999999999999 2.8999999999999999
19 2.8999999999999999
19.100000000000001 2.8999999999999999
19.200000000000003 2.8999999999999999
19.300000000000004 2.8999999999999999
19.400000000000006 2.8999999999999999
19.500000000000007 2.8999999999999999
19.600000000000009 2.9399999999999999
19.70000000000001 2.9399999999999999
19.800000000000011 2.9399999999999999
19.900000000000013 2.9399999999999999
20.000000000000014 2.9399999999999999
20.100000000000016 2.9399999999999999
20.200000000000017 2.9399999999999999
20.300000000000018 2.9399999999999999
20.40000000000002 2.9399999999999999
20.500000000000021 2.9399999999999999
20.600000000000023 2.9399999999999999
20.700000000000024 2.9399999999999999
20.800000000000026 2.9399999999999999
20.900000000000027 2.9399999999999999
21.000000000000028 2.9399999999999999
21.10000000000003 2.9399999999999999
21.200000000000031 2.9700000000000002
21.300000000000033 2.9700000000000002
21.400000000000034 2.9700000000000002
21.500000000000036 2.9700000000000002
21.600000000000037 2.9700000000000002
21.700000000000038 2.9700000000000002
21.80000000000004 2.9700000000000002
21.900000000000041 2.9700000000000002
22.000000000000043 2.9700000000000002
22.100000000000044 2.9700000000000002
22.200000000000045 2.9700000000000002
22.300000000000047 2.9700000000000002
22.400000000000048 2.9700000000000002
22.50000000000005 2.9700000000000002
22.600000000000051 2.9700000000000002
22.700000000000053 2.9700000000000002
22.800000000000054 2.9700000000000002
22.900000000000055 2.9700000000000002
23.000000000000057 2.9700000000000002
23.100000000000058 2.9700000000000002
23.20000000000006 2.9700000000000002
23.300000000000061 2.9700000000000002
23.400000000000063 2.9700000000000002
23.500000000000064 2.9700000000000002
23.600000000000065 2.9700000000000002
23.700000000000067 2.9700000000000002
23.800000000000068 2.9700000000000002
23.90000000000007 2.9700000000000002
24.000000000000071 2.9700000000000002
24.100000000000072 2.9700000000000002
24.200000000000074 2.9700000000000002
24.300000000000075 2.9700000000000002
24.400000000000077 2.9700000000000002
24.500000000000078 2.9700000000000002
24.60000000000008 2.9700000000000002
24.700000000000081 2.9700000000000002
24.800000000000082 2.9700000000000002
24.900000000000084 2.9700000000000002
25.000000000000085 2.9700000000000002
25.100000000000087 2.9700000000000002
25.200000000000088 2.9700000000000002
25.30000000000009 2.9700000000000002
25.400000000000091 2.9700000000000002
25.500000000000092 2.9700000000000002
25.600000000000094 2.9700000000000002
25.700000000000095 2.9700000000000002
25.800000000000097 2.9700000000000002
25.900000000000098 2.9700000000000002
26.000000000000099 2.9700000000000002
26.100000000000101 2.9700000000000002
26.200000000000102 2.9700000000000002
26.300000000000104 2.9700000000000002
26.400000000000105 2.9700000000000002
26.500000000000107 2.9700000000000002
26.600000000000108 2.9700000000000002
26.700000000000109 2.9700000000000002
26.800000000000111 2.9700000000000002
26.900000000000112 2.9700000000000002
27.000000000000114 2.9700000000000002
27.100000000000115 2.9700000000000002
27.200000000000117 2.9700000000000002
27.300000000000118 2.9700000000000002
27.400000000000119 2.9700000000000002
27.500000000000121 2.9700000000000002
27.600000000000122 2.9700000000000002
27.700000000000124 2.9700000000000002
27.800000000000125 2.9700000000000002
27.900000000000126 2.9700000000000002
28.000000000000128 2.9700000000000002
28.100000000000129 2.9700000000000002
28.200000000000131 2.9700000000000002
28.300000000000132 2.9700000000000002
28.400000000000134 2.9700000000000002
28.500000000000135 2.9700000000000002
28.600000000000136 2.9700000000000002
28.700000000000138 2.9700000000000002
28.800000000000139 2.9700000000000002
28.900000000000141 2.9700000000000002
29.000000000000142 2.9700000000000002
29.100000000000144 2.9700000000000002
29.200000000000145 2.9700000000000002
29.300000000000146 2.9700000000000002
29.400000000000148 2.9700000000000002
29.500000000000149 2.9700000000000002
29.600000000000151 2.9700000000000002
29.700000000000152 2.9700000000000002
29.800000000000153 2.9700000000000002
29.900000000000155 2.9700000000000002
30.000000000000156 2.9700000000000002
30.100000000000158 2.9700000000000002
30.200000000000159 2.9700000000000002
30.300000000000161 2.9700000000000002
30.400000000000162 2.9700000000000002
30.500000000000163 3.3700000000000001
30.600000000000165 3.3700000000000001
30.700000000000166 3.3700000000000001
30.800000000000168 3.3700000000000001
30.900000000000169 3.3700000000000001
31.000000000000171 3.3700000000000001
31.100000000000172 3.3700000000000001
31.200000000000173 3.3700000000000001
31.300000000000175 3.3700000000000001
31.400000000000176 3.3700000000000001
31.500000000000178 3.3700000000000001
31.600000000000179 3.3700000000000001
31.70000000000018 3.3700000000000001
31.800000000000182 3.3700000000000001
31.900000000000183 3.3700000000000001
32.000000000000185 3.3700000000000001
32.100000000000186 3.3700000000000001
32.200000000000188 3.3700000000000001
32.300000000000189 3.3700000000000001
32.40000000000019 3.3700000000000001
32.500000000000192 3.3700000000000001
32.600000000000193 3.3700000000000001
32.700000000000195 3.3700000000000001
32.800000000000196 3.3700000000000001
32.900000000000198 3.3700000000000001
33.000000000000199 3.3700000000000001
33.1000000000002 3.3700000000000001
33.200000000000202 3.3700000000000001
33.300000000000203 3.3700000000000001
33.400000000000205 3.3700000000000001
33.500000000000206 3.3700000000000001
33.600000000000207 3.3700000000000001
33.700000000000209 3.3700000000000001
33.80000000000021 3.3700000000000001
33.900000000000212 3.3700000000000001
34.000000000000213 3.3700000000000001
34.100000000000215 3.3700000000000001
34.200000000000216 3.3700000000000001
34.300000000000217 3.3700000000000001
34.400000000000219 3.3700000000000001
34.50000000000022 3.3700000000000001
34.600000000000222 3.3700000000000001
34.700000000000223 3.3700000000000001
34.800000000000225 3.3700000000000001
34.900000000000226 3.3700000000000001
35.000000000000227 3.3700000000000001
35.100000000000229 3.3700000000000001
35.20000000000023 3.3700000000000001
35.300000000000232 3.3700000000000001
35.400000000000233 3.3700000000000001
35.500000000000234 3.3700000000000001
35.600000000000236 3.3700000000000001
35.700000000000237 3.3700000000000001
35.800000000000239 3.3700000000000001
35.90000000000024 3.3700000000000001
36.000000000000242 3.3700000000000001
36.100000000000243 3.3700000000000001
36.200000000000244 3.3700000000000001
36.300000000000246 3.3700000000000001
36.400000000000247 3.3700000000000001
36.500000000000249 3.3700000000000001
36.60000000000025 3.3700000000000001
36.700000000000252 3.3700000000000001
36.800000000000253 3.3700000000000001
36.900000000000254 3.3700000000000001
37.000000000000256 3.3700000000000001
37.100000000000257 3.3700000000000001
37.200000000000259 3.3700000000000001
37.30000000000026 3.3700000000000001
37.400000000000261 3.3700000000000001
37.500000000000263 3.3700000000000001
37.600000000000264 3.3700000000000001
37.700000000000266 3.3700000000000001
37.800000000000267 3.3700000000000001
37.900000000000269 3.3700000000000001
38.00000000000027 3.3700000000000001
38.100000000000271 3.3700000000000001
38.200000000000273 3.3700000000000001
38.300000000000274 3.3700000000000001
38.400000000000276 3.3700000000000001
38.500000000000277 3.3700000000000001
38.600000000000279 3.3700000000000001
38.70000000000028 3.3700000000000001
38.800000000000281 3.6400000000000001
38.900000000000283 3.6400000000000001
39.000000000000284 3.6400000000000001
39.100000000000286 3.6400000000000001
39.200000000000287 3.6400000000000001
39.300000000000288 3.6400000000000001
39.40000000000029 3.6400000000000001
39.500000000000291 3.6400000000000001
39.600000000000293 3.6400000000000001
39.700000000000294 3.6400000000000001
39.800000000000296 3.6400000000000001
39.900000000000297 3.6400000000000001
40.000000000000298 3.6400000000000001
40.1000000000003 3.6400000000000001
40.200000000000301 3.6400000000000001
40.300000000000303 3.6400000000000001
40.400000000000304 3.6400000000000001
40.500000000000306 3.6400000000000001
40.600000000000307 3.6400000000000001
40.700000000000308 3.6400000000000001
40.80000000000031 3.6400000000000001
40.900000000000311 3.6400000000000001
41.000000000000313 3.6400000000000001
41.100000000000314 3.6400000000000001
41.200000000000315 3.6400000000000001
41.300000000000317 3.6400000000000001
41.400000000000318 3.6400000000000001
41.50000000000032 3.6400000000000001
41.600000000000321 3.6400000000000001
41.700000000000323 3.6400000000000001
41.800000000000324 3.6400000000000001
41.900000000000325 3.6400000000000001
42.000000000000327 3.6400000000000001
42.100000000000328 3.6400000000000001
42.20000000000033 3.6400000000000001
42.300000000000331 3.6400000000000001
42.400000000000333 3.6400000000000001
42.500000000000334 3.6400000000000001
42.600000000000335 3.6400000000000001
42.700000000000337 3.6400000000000001
42.800000000000338 3.6400000000000001
42.90000000000034 3.6400000000000001
43.000000000000341 3.6400000000000001
43.100000000000342 3.6400000000000001
43.200000000000344 3.6400000000000001
43.300000000000345 3.6400000000000001
43.400000000000347 3.6400000000000001
43.500000000000348 3.6400000000000001
43.60000000000035 3.6400000000000001
43.700000000000351 3.6400000000000001
43.800000000000352 3.6400000000000001
43.900000000000354 3.6400000000000001
44.000000000000355 3.6400000000000001
44.100000000000357 3.6400000000000001
44.200000000000358 3.6400000000000001
44.30000000000036 3.6400000000000001
44.400000000000361 3.6400000000000001
44.500000000000362 3.6400000000000001
44.600000000000364 3.6400000000000001
44.700000000000365 3.6400000000000001
44.800000000000367 3.6400000000000001
44.900000000000368 3.6400000000000001
45.000000000000369 3.6400000000000001
45.100000000000371 3.6400000000000001
45.200000000000372 3.6400000000000001
45.300000000000374 3.6400000000000001
45.400000000000375 3.6400000000000001
45.500000000000377 3.6400000000000001
45.600000000000378 3.6400000000000001
45.700000000000379 3.6400000000000001
45.800000000000381 3.6400000000000001
45.900000000000382 3.6400000000000001
46.000000000000384 3.6400000000000001
46.100000000000385 3.6400000000000001
46.200000000000387 3.6400000000000001
46.300000000000388 3.6400000000000001
46.400000000000389 3.6400000000000001
46.500000000000391 3.6400000000000001
46.600000000000392 3.6400000000000001
46.700000000000394 3.6400000000000001
46.800000000000395 3.6400000000000001
46.900000000000396 3.6400000000000001
47.000000000000398 3.6400000000000001
47.100000000000399 3.6400000000000001
47.200000000000401 3.6400000000000001
47.300000000000402 3.6400000000000001
47.400000000000404 3.6400000000000001
47.500000000000405 3.9300000000000002
47.600000000000406 3.9300000000000002
47.700000000000408 3.9300000000000002
47.800000000000409 3.9300000000000002
47.900000000000411 3.9300000000000002
48.000000000000412 3.9300000000000002
48.100000000000414 3.9300000000000002
48.200000000000415 3.9300000000000002
48.300000000000416 3.9300000000000002
48.400000000000418 3.9300000000000002
48.500000000000419 3.9300000000000002
48.600000000000421 3.9300000000000002
48.700000000000422 3.9300000000000002
48.800000000000423 3.9300000000000002
48.900000000000425 3.9300000000000002
49.000000000000426 3.9300000000000002
49.100000000000428 3.9300000000000002
49.200000000000429 3.9300000000000002
49.300000000000431 3.9300000000000002
49.400000000000432 3.9300000000000002
49.500000000000433 3.9300000000000002
49.600000000000435 3.9300000000000002
49.700000000000436 3.9300000000000002
49.800000000000438 3.9300000000000002
49.900000000000439 3.9300000000000002
50.000000000000441 3.9300000000000002
50.100000000000442 3.9300000000000002
50.200000000000443 3.9300000000000002
50.300000000000445 3.9300000000000002
50.400000000000446 3.9300000000000002
50.500000000000448 3.9300000000000002
50.600000000000449 3.9300000000000002
50.70000000000045 3.9300000000000002
50.800000000000452 3.9300000000000002
50.900000000000453 3.9300000000000002
51.000000000000455 3.9300000000000002
51.100000000000456 3.9300000000000002
51.200000000000458 3.9300000000000002
51.300000000000459 3.9300000000000002
51.40000000000046 3.9300000000000002
51.500000000000462 3.9300000000000002
51.600000000000463 3.9300000000000002
51.700000000000465 3.9300000000000002
51.800000000000466 3.9300000000000002
51.900000000000468 3.9300000000000002
52.000000000000469 3.9300000000000002
52.10000000000047 3.9300000000000002
52.200000000000472 3.9300000000000002
52.300000000000473 3.9300000000000002
52.400000000000475 3.9300000000000002
52.500000000000476 3.9300000000000002
52.600000000000477 3.9300000000000002
52.700000000000479 3.9300000000000002
52.80000000000048 3.9300000000000002
52.900000000000482 3.9300000000000002
53.000000000000483 3.9300000000000002
53.100000000000485 3.9300000000000002
53.200000000000486 3.9300000000000002
53.300000000000487 3.9300000000000002
53.400000000000489 3.9300000000000002
53.50000000000049 3.9300000000000002
53.600000000000492 3.9300000000000002
53.700000000000493 3.9300000000000002
53.800000000000495 3.9300000000000002
53.900000000000496 3.9300000000000002
54.000000000000497 3.9300000000000002
54.100000000000499 3.9300000000000002
54.2000000000005 3.9300000000000002
54.300000000000502 3.9300000000000002
54.400000000000503 3.9300000000000002
54.500000000000504 3.9300000000000002
54.600000000000506 3.9300000000000002
54.700000000000507 3.9300000000000002
54.800000000000509 3.9300000000000002
54.90000000000051 3.9300000000000002
55.000000000000512 3.9300000000000002
55.100000000000513 4.1100000000000003
55.200000000000514 4.1100000000000003
55.300000000000516 4.1100000000000003
55.400000000000517 4.1100000000000003
55.500000000000519 4.1100000000000003
55.60000000000052 4.1100000000000003
55.700000000000522 4.1100000000000003
55.800000000000523 4.1100000000000003
55.900000000000524 4.1100000000000003
56.000000000000526 4.1100000000000003
56.100000000000527 4.1100000000000003
56.200000000000529 4.1100000000000003
56.30000000000053 4.1100000000000003
56.400000000000531 4.1100000000000003
56.500000000000533 4.1100000000000003
56.600000000000534 4.1100000000000003
56.700000000000536 4.1100000000000003
56.800000000000537 4.1100000000000003
56.900000000000539 4.0499999999999998
57.00000000000054 4.0499999999999998
57.100000000000541 4.0499999999999998
57.200000000000543 4.0499999999999998
57.300000000000544 4.0499999999999998
57.400000000000546 4.0499999999999998
57.500000000000547 4.0499999999999998
57.600000000000549 4.0499999999999998
57.70000000000055 4.0499999999999998
57.800000000000551 4.0499999999999998
57.900000000000553 4.0499999999999998
58.000000000000554 4.0499999999999998
58.100000000000556 4.0499999999999998
58.200000000000557 4.0499999999999998
58.300000000000558 4.0499999999999998
58.40000000000056 4.0499999999999998
58.500000000000561 4.0499999999999998
58.600000000000563 4.0499999999999998
58.700000000000564 4.0499999999999998
58.800000000000566 4.0499999999999998
58.900000000000567 4.0499999999999998
59.000000000000568 4.0700000000000003
59.10000000000057 4.0700000000000003
59.200000000000571 4.0700000000000003
59.300000000000573 4.0700000000000003
59.400000000000574 4.0700000000000003
59.500000000000576 4.0700000000000003
59.600000000000577 4.0700000000000003
59.700000000000578 4.0700000000000003
59.80000000000058 4.0700000000000003
59.900000000000581 4.0700000000000003
60.000000000000583 4.0700000000000003
60.100000000000584 4.0700000000000003
60.200000000000585 4.0700000000000003
60.300000000000587 4.0700000000000003
60.400000000000588 4.0700000000000003
60.50000000000059 4.0700000000000003
60.600000000000591 4.0700000000000003
60.700000000000593 4.0700000000000003
60.800000000000594 4.0700000000000003
60.900000000000595 4.0700000000000003
61.000000000000597 4.0700000000000003
61.100000000000598 4.0700000000000003
61.2000000000006 4.0700000000000003
61.300000000000601 4.0700000000000003
61.400000000000603 4.0700000000000003
61.500000000000604 4.0700000000000003
61.600000000000605 4.0700000000000003
61.700000000000607 4.0700000000000003
61.800000000000608 4.0700000000000003
61.90000000000061 4.0700000000000003
62.000000000000611 4.0700000000000003
62.100000000000612 4.0700000000000003
62.200000000000614 4.0700000000000003
62.300000000000615 4.0700000000000003
62.400000000000617 4.0700000000000003
62.500000000000618 4.0700000000000003
62.60000000000062 4.0700000000000003
62.700000000000621 4.0700000000000003
62.800000000000622 4.0700000000000003
62.900000000000624 4.0700000000000003
63.000000000000625 4.0700000000000003
63.100000000000627 4.0700000000000003
63.200000000000628 4.0700000000000003
63.30000000000063 4.0700000000000003
63.400000000000631 4.0700000000000003
63.500000000000632 4.0700000000000003
63.600000000000634 4.0700000000000003
63.700000000000635 4.0700000000000003
63.800000000000637 4.0700000000000003
63.900000000000638 4.0700000000000003
64.000000000000639 4.0700000000000003
64.100000000000634 4.0700000000000003
64.200000000000628 4.0700000000000003
64.300000000000622 4.0700000000000003
64.400000000000617 4.0700000000000003
64.500000000000611 4.0700000000000003
64.600000000000605 4.0700000000000003
64.7000000000006 4.0700000000000003
64.800000000000594 4.0700000000000003
64.900000000000588 4.0700000000000003
65.000000000000583 4.0700000000000003
65.100000000000577 4.0700000000000003
65.200000000000571 4.0700000000000003
65.300000000000566 4.0700000000000003
65.40000000000056 4.0700000000000003
65.500000000000554 4.0700000000000003
65.600000000000549 4.0700000000000003
65.700000000000543 4.0700000000000003
65.800000000000537 4.0700000000000003
65.900000000000531 4.0700000000000003
66.000000000000526 4.0700000000000003
66.10000000000052 4.0700000000000003
66.200000000000514 4.0700000000000003
66.300000000000509 4.0700000000000003
66.400000000000503 4.0700000000000003
66.500000000000497 4.0700000000000003
66.600000000000492 4.0700000000000003
66.700000000000486 4.0700000000000003
66.80000000000048 4.0700000000000003
66.900000000000475 4.0700000000000003
67.000000000000469 4.0700000000000003
67.100000000000463 4.0700000000000003
67.200000000000458 4.0700000000000003
67.300000000000452 4.0700000000000003
67.400000000000446 4.0700000000000003
67.500000000000441 4.2300000000000004
67.600000000000435 4.2300000000000004
67.700000000000429 4.2300000000000004
67.800000000000423 4.2300000000000004
67.900000000000418 4.2300000000000004
68.000000000000412 4.2300000000000004
68.100000000000406 4.2300000000000004
68.200000000000401 4.2300000000000004
68.300000000000395 4.2300000000000004
68.400000000000389 4.2300000000000004
68.500000000000384 4.2300000000000004
68.600000000000378 4.2300000000000004
68.700000000000372 4.2300000000000004
68.800000000000367 4.2300000000000004
68.900000000000361 4.2300000000000004
69.000000000000355 4.2300000000000004
69.10000000000035 4.2300000000000004
69.200000000000344 4.2300000000000004
69.300000000000338 4.2300000000000004
69.400000000000333 4.2300000000000004
69.500000000000327 4.2300000000000004
69.600000000000321 4.2300000000000004
69.700000000000315 4.25
69.80000000000031 4.25
69.900000000000304 4.25
70.000000000000298 4.25
70.100000000000293 4.25
70.200000000000287 4.25
70.300000000000281 4.25
70.400000000000276 4.25
70.50000000000027 4.25
70.600000000000264 4.25
70.700000000000259 4.25
70.800000000000253 4.25
70.900000000000247 4.25
71.000000000000242 4.25
71.100000000000236 4.25
71.20000000000023 4.25
71.300000000000225 4.25
71.400000000000219 4.25
71.500000000000213 4.25
71.600000000000207 4.25
71.700000000000202 4.25
71.800000000000196 4.25
71.90000000000019 4.25
72.000000000000185 4.25
72.100000000000179 4.25
72.200000000000173 4.25
72.300000000000168 4.25
72.400000000000162 4.25
72.500000000000156 4.25
72.600000000000151 4.25
72.700000000000145 4.25
72.800000000000139 4.25
72.900000000000134 4.25
73.000000000000128 4.25
73.100000000000122 4.25
73.200000000000117 4.25
73.300000000000111 4.25
73.400000000000105 4.25
73.500000000000099 4.25
73.600000000000094 4.25
73.700000000000088 4.25
73.800000000000082 4.25
73.900000000000077 4.25
74.000000000000071 4.25
74.100000000000065 4.25
74.20000000000006 4.25
74.300000000000054 4.25
74.400000000000048 4.25
74.500000000000043 4.25
74.600000000000037 4.25
74.700000000000031 4.25
74.800000000000026 4.25
74.90000000000002 4.25
75.000000000000014 4.25
75.100000000000009 4.25
75.200000000000003 4.25
75.299999999999997 4.25
75.399999999999991 4.25
75.499999999999986 4.25
75.59999999999998 4.25
75.699999999999974 4.25
75.799999999999969 4.25
75.899999999999963 4.25
75.999999999999957 4.25
76.099999999999952 4.25
76.199999999999946 4.25
76.29999999999994 4.25
76.399999999999935 4.25
76.499999999999929 4.25
76.599999999999923 4.25
76.699999999999918 4.25
76.799999999999912 4.25
76.899999999999906 4.25
76.999999999999901 4.25
77.099999999999895 4.25
77.199999999999889 4.25
77.299999999999883 4.25
77.399999999999878 4.25
77.499999999999872 4.25
77.599999999999866 4.25
77.699999999999861 4.25
77.799999999999855 4.25
77.899999999999849 4.25
77.999999999999844 4.4299999999999997
78.099999999999838 4.4299999999999997
78.199999999999832 4.4299999999999997
78.299999999999827 4.4299999999999997
78.399999999999821 4.4299999999999997
78.499999999999815 4.4299999999999997
78.59999999999981 4.4299999999999997
78.699999999999804 4.4299999999999997
78.799999999999798 4.4299999999999997
78.899999999999793 4.4299999999999997
78.999999999999787 4.4299999999999997
79.099999999999781 4.4299999999999997
79.199999999999775 4.4299999999999997
79.29999999999977 4.4299999999999997
79.399999999999764 4.4299999999999997
79.499999999999758 4.4299999999999997
79.599999999999753 4.4299999999999997
79.699999999999747 4.4299999999999997
79.799999999999741 4.4299999999999997
79.899999999999736 4.4299999999999997
79.99999999999973 4.4299999999999997
80.099999999999724 4.4299999999999997
80.199999999999719 4.4299999999999997
80.299999999999713 4.4299999999999997
80.399999999999707 4.4299999999999997
80.499999999999702 4.4299999999999997
80.599999999999696 4.4299999999999997
80.69999999999969 4.4299999999999997
80.799999999999685 4.4299999999999997
80.899999999999679 4.4299999999999997
80.999999999999673 4.4299999999999997
81.099999999999667 4.4299999999999997
81.199999999999662 4.4299999999999997
81.299999999999656 4.4299999999999997
81.39999999999965 4.4299999999999997
81.499999999999645 4.4299999999999997
81.599999999999639 4.4299999999999997
81.699999999999633 4.4299999999999997
81.799999999999628 4.4299999999999997
81.899999999999622 4.4299999999999997
81.999999999999616 4.4299999999999997
82.099999999999611 4.4299999999999997
82.199999999999605 4.4299999999999997
82.299999999999599 4.4299999999999997
82.399999999999594 4.4299999999999997
82.499999999999588 4.4299999999999997
82.599999999999582 4.4299999999999997
82.699999999999577 4.4299999999999997
82.799999999999571 4.4299999999999997
82.899999999999565 4.4299999999999997
82.999999999999559 4.4299999999999997
83.099999999999554 4.4299999999999997
83.199999999999548 4.4299999999999997
83.299999999999542 4.4299999999999997
83.399999999999537 4.4299999999999997
83.499999999999531 4.4299999999999997
83.599999999999525 4.4299999999999997
83.69999999999952 4.4299999999999997
83.799999999999514 4.4299999999999997
83.899999999999508 4.4299999999999997
83.999999999999503 4.4299999999999997
84.099999999999497 4.4299999999999997
84.199999999999491 4.4299999999999997
84.299999999999486 4.4299999999999997
84.39999999999948 4.4299999999999997
84.499999999999474 4.4299999999999997
84.599999999999469 4.4299999999999997
84.699999999999463 4.4299999999999997
84.799999999999457 4.4299999999999997
84.899999999999451 4.4299999999999997
84.999999999999446 4.4299999999999997
85.09999999999944 4.4299999999999997
85.199999999999434 4.4299999999999997
85.299999999999429 4.4299999999999997
85.399999999999423 4.4299999999999997
85.499999999999417 4.4299999999999997
85.599999999999412 4.4299999999999997
85.699999999999406 4.4299999999999997
85.7999999999994 4.4299999999999997
85.899999999999395 4.4299999999999997
85.999999999999389 4.4299999999999997
86.099999999999383 4.4299999999999997
86.199999999999378 4.4299999999999997
86.299999999999372 4.4299999999999997
86.399999999999366 4.4299999999999997
86.499999999999361 4.4299999999999997
86.599999999999355 4.4299999999999997
86.699999999999349 4.4299999999999997
86.799999999999343 4.4299999999999997
86.899999999999338 4.4299999999999997
86.999999999999332 4.4299999999999997
87.099999999999326 4.4299999999999997
87.199999999999321 4.4299999999999997
87.299999999999315 4.4299999999999997
87.399999999999309 4.4299999999999997
87.499999999999304 4.4299999999999997
87.599999999999298 4.4299999999999997
87.699999999999292 4.4299999999999997
87.799999999999287 4.4299999999999997
87.899999999999281 4.5700000000000003
87.999999999999275 4.5700000000000003
88.09999999999927 4.5700000000000003
88.199999999999264 4.5700000000000003
88.299999999999258 4.5700000000000003
88.399999999999253 4.5700000000000003
88.499999999999247 4.5700000000000003
88.599999999999241 4.5700000000000003
88.699999999999235 4.5700000000000003
88.79999999999923 4.5700000000000003
88.899999999999224 4.5700000000000003
88.999999999999218 4.5700000000000003
89.099999999999213 4.5700000000000003
89.199999999999207 4.5700000000000003
89.299999999999201 4.5700000000000003
89.399999999999196 4.5700000000000003
89.49999999999919 4.5700000000000003
89.599999999999184 4.5700000000000003
89.699999999999179 4.5700000000000003
89.799999999999173 4.5700000000000003
89.899999999999167 4.5700000000000003
89.999999999999162 4.5700000000000003
90.099999999999156 4.5700000000000003
90.19999999999915 4.5700000000000003
90.299999999999145 4.5700000000000003
90.399999999999139 4.5700000000000003
90.499999999999133 4.5700000000000003
90.599999999999127 4.5700000000000003
90.699999999999122 4.5700000000000003
90.799999999999116 4.5700000000000003
90.89999999999911 4.5700000000000003
90.999999999999105 4.5700000000000003
91.099999999999099 4.5700000000000003
91.199999999999093 4.5700000000000003
91.299999999999088 4.5700000000000003
91.399999999999082 4.5700000000000003
91.499999999999076 4.5700000000000003
91.599999999999071 4.5700000000000003
91.699999999999065 4.5700000000000003
91.799999999999059 4.5700000000000003
91.899999999999054 4.5700000000000003
91.999999999999048 4.5700000000000003
92.099999999999042 4.5700000000000003
92.199999999999037 4.5700000000000003
92.299999999999031 4.5700000000000003
92.399999999999025 4.5700000000000003
92.499999999999019 4.5700000000000003
92.599999999999014 4.5700000000000003
92.699999999999008 4.5700000000000003
92.799999999999002 4.5700000000000003
92.899999999998997 4.5700000000000003
92.999999999998991 4.5700000000000003
93.099999999998985 4.5700000000000003
93.19999999999898 4.5700000000000003
93.299999999998974 4.5700000000000003
93.399999999998968 4.5700000000000003
93.499999999998963 4.5700000000000003
93.599999999998957 4.5700000000000003
93.699999999998951 4.5700000000000003
93.799999999998946 4.5700000000000003
93.89999999999894 4.5700000000000003
93.999999999998934 4.5700000000000003
94.099999999998929 4.5700000000000003
94.199999999998923 4.5700000000000003
94.299999999998917 4.5700000000000003
94.399999999998911 4.5700000000000003
94.499999999998906 4.5700000000000003
94.5999999999989 4.5700000000000003
94.699999999998894 4.5700000000000003
94.799999999998889 4.5700000000000003
94.899999999998883 4.5700000000000003
94.999999999998877 4.5700000000000003
95.099999999998872 4.5700000000000003
95.199999999998866 4.5700000000000003
95.29999999999886 4.5700000000000003
95.399999999998855 4.5700000000000003
95.499999999998849 4.5700000000000003
95.599999999998843 4.5700000000000003
95.699999999998838 4.5700000000000003
95.799999999998832 4.5700000000000003
95.899999999998826 4.5700000000000003
95.99999999999882 4.5700000000000003
96.099999999998815 4.5700000000000003
96.199999999998809 4.5700000000000003
96.299999999998803 4.5700000000000003
96.399999999998798 4.5700000000000003
96.499999999998792 4.5700000000000003
96.599999999998786 4.5700000000000003
96.699999999998781 4.5700000000000003
96.799999999998775 4.5700000000000003
96.899999999998769 4.5700000000000003
96.999999999998764 4.5700000000000003
97.099999999998758 4.5700000000000003
97.199999999998752 4.6699999999999999
97.299999999998747 4.6699999999999999
97.399999999998741 4.6699999999999999
97.499999999998735 4.6699999999999999
97.59999999999873 4.6699999999999999
97.699999999998724 4.6699999999999999
97.799999999998718 4.6699999999999999
97.899999999998712 4.6699999999999999
97.999999999998707 4.6699999999999999
98.099999999998701 4.6699999999999999
98.199999999998695 4.6699999999999999
98.29999999999869 4.6699999999999999
98.399999999998684 4.6699999999999999
98.499999999998678 4.6699999999999999
98.599999999998673 4.6699999999999999
98.699999999998667 4.6699999999999999
98.799999999998661 4.6699999999999999
98.899999999998656 4.6699999999999999
98.99999999999865 4.6699999999999999
99.099999999998644 4.6699999999999999
99.199999999998639 4.6699999999999999
99.299999999998633 4.6699999999999999
99.399999999998627 4.6699999999999999
99.499999999998622 4.6699999999999999
99.599999999998616 4.6699999999999999
99.69999999999861 4.71
99.799999999998604 4.71
99.899999999998599 4.71
99.999999999998593 4.71
100.09999999999859 4.71
100.19999999999858 4.71
100.29999999999858 4.71
100.39999999999857 4.71
100.49999999999856 4.71
100.59999999999856 4.71
100.69999999999855 4.71
100.79999999999855 4.71
100.89999999999854 4.71
100.99999999999854 4.71
101.09999999999853 4.71
101.19999999999852 4.71
101.29999999999852 4.71
101.39999999999851 4.71
101.49999999999851 4.71
101.5999999999985 4.71
101.6999999999985 4.71
101.79999999999849 4.71
101.89999999999849 4.71
101.99999999999848 4.71
102.09999999999847 4.71
102.19999999999847 4.71
102.29999999999846 4.71
102.39999999999846 4.71
102.49999999999845 4.71
102.59999999999845 4.71
102.69999999999844 4.71
102.79999999999843 4.71
102.89999999999843 4.71
102.99999999999842 4.71
103.09999999999842 4.71
103.19999999999841 4.71
103.29999999999841 4.71
103.3999999999984 4.71
103.49999999999839 4.71
103.59999999999839 4.71
103.69999999999838 4.71
103.79999999999838 4.71
103.89999999999837 4.71
103.99999999999837 4.71
104.09999999999836 4.71
104.19999999999835 4.71
104.29999999999835 4.71
104.39999999999834 4.71
104.49999999999834 4.71
104.59999999999833 4.71
104.69999999999833 4.71
104.79999999999832 4.71
104.89999999999831 4.71
104.99999999999831 4.71
105.0999999999983 4.71
105.1999999999983 4.71
105.29999999999829 4.71
105.39999999999829 4.71
105.49999999999828 4.71
105.59999999999827 4.71
105.69999999999827 4.71
105.79999999999826 4.71
105.89999999999826 4.71
105.99999999999825 4.71
106.09999999999825 4.71
106.19999999999824 4.71
106.29999999999824 4.71
106.39999999999823 4.71
106.49999999999822 4.71
106.59999999999822 4.71
106.69999999999821 4.71
106.79999999999821 4.71
106.8999999999982 4.71
106.9999999999982 4.71
107.09999999999819 4.71
107.19999999999818 4.71
107.29999999999818 4.4400000000000004
107.39999999999817 4.4400000000000004
107.49999999999817 4.4400000000000004
107.59999999999816 4.4400000000000004
107.69999999999816 4.4400000000000004
107.79999999999815 4.4400000000000004
107.89999999999814 4.4400000000000004
107.99999999999814 4.4400000000000004
108.09999999999813 4.4400000000000004
108.19999999999813 4.4400000000000004
108.29999999999812 4.4400000000000004
108.39999999999812 4.4400000000000004
108.49999999999811 4.4400000000000004
108.5999999999981 4.4400000000000004
108.6999999999981 4.4400000000000004
108.79999999999809 4.4400000000000004
108.89999999999809 4.4400000000000004
108.99999999999808 4.4400000000000004
109.09999999999808 4.4400000000000004
109.19999999999807 4.4400000000000004
109.29999999999806 4.4400000000000004
109.39999999999806 4.4400000000000004
109.49999999999805 4.4400000000000004
109.59999999999805 4.4400000000000004
109.69999999999804 4.4400000000000004
109.79999999999804 4.4400000000000004
109.89999999999803 4.4400000000000004
109.99999999999802 4.4400000000000004
110.09999999999802 4.4400000000000004
110.19999999999801 4.4400000000000004
110.29999999999801 4.4400000000000004
110.399999999998 4.4400000000000004
110.499999999998 4.4400000000000004
110.59999999999799 4.4400000000000004
110.69999999999798 4.4400000000000004
110.79999999999798 4.4400000000000004
110.89999999999797 4.4400000000000004
110.99999999999797 4.4400000000000004
111.09999999999796 4.4400000000000004
111.19999999999796 4.4400000000000004
111.29999999999795 4.4400000000000004
111.39999999999795 4.4400000000000004
111.49999999999794 4.4400000000000004
111.59999999999793 4.4400000000000004
111.69999999999793 4.4400000000000004
111.79999999999792 4.4400000000000004
111.89999999999792 4.4400000000000004
111.99999999999791 4.4400000000000004
112.09999999999791 4.4400000000000004
112.1999999999979 4.4400000000000004
112.29999999999789 4.4400000000000004
112.39999999999789 4.4400000000000004
112.49999999999788 4.4400000000000004
112.59999999999788 4.4400000000000004
112.69999999999787 4.4400000000000004
112.79999999999787 4.4400000000000004
112.89999999999786 4.4400000000000004
112.99999999999785 4.4400000000000004
113.09999999999785 4.4400000000000004
113.19999999999784 4.4400000000000004
113.29999999999784 4.4400000000000004
113.39999999999783 4.4400000000000004
113.49999999999783 4.4400000000000004
113.59999999999782 4.4400000000000004
113.69999999999781 4.4400000000000004
113.79999999999781 4.4400000000000004
113.8999999999978 4.4400000000000004
113.9999999999978 4.4400000000000004
114.09999999999779 4.4400000000000004
114.19999999999779 4.4400000000000004
114.29999999999778 4.4400000000000004
114.39999999999777 4.4400000000000004
114.49999999999777 4.4400000000000004
114.59999999999776 4.4400000000000004
114.69999999999776 4.4400000000000004
114.79999999999775 4.4400000000000004
114.89999999999775 4.4400000000000004
114.99999999999774 4.4400000000000004
115.09999999999773 4.4400000000000004
115.19999999999773 4.4400000000000004
115.29999999999772 4.4400000000000004
115.39999999999772 4.4400000000000004
115.49999999999771 4.4400000000000004
115.59999999999771 4.4400000000000004
115.6999999999977 4.4400000000000004
115.79999999999769 4.4400000000000004
115.89999999999769 4.4400000000000004
115.99999999999768 4.4400000000000004
116.09999999999768 4.4400000000000004
116.19999999999767 4.4400000000000004
116.29999999999767 4.29
116.39999999999766 4.29
116.49999999999766 4.29
116.59999999999765 4.29
116.69999999999764 4.29
116.79999999999764 4.29
116.89999999999763 4.29
116.99999999999763 4.29
117.09999999999762 4.29
117.19999999999762 4.29
117.29999999999761 4.29
117.3999999999976 4.29
117.4999999999976 4.29
117.59999999999759 4.29
117.69999999999759 4.29
117.79999999999758 4.29
117.89999999999758 4.29
117.99999999999757 4.29
118.09999999999756 4.29
118.19999999999756 4.29
118.29999999999755 4.29
118.39999999999755 4.29
118.49999999999754 4.29
118.59999999999754 4.29
118.69999999999753 4.29
118.79999999999752 4.29
118.89999999999752 4.29
118.99999999999751 4.29
119.09999999999751 4.29
119.1999999999975 4.29
119.2999999999975 4.29
119.39999999999749 4.29
119.49999999999748 4.29
119.59999999999748 4.29
119.69999999999747 4.29
119.79999999999747 4.29
119.89999999999746 4.29
119.99999999999746 4.29
120.09999999999745 4.29
120.19999999999744 4.29
120.29999999999744 4.29
120.39999999999743 4.29
120.49999999999743 4.29
120.59999999999742 4.29
120.69999999999742 4.29
120.79999999999741 4.29
120.89999999999741 4.29
120.9999999999974 4.29
121.09999999999739 4.29
121.19999999999739 4.29
121.29999999999738 4.29
121.39999999999738 4.29
121.49999999999737 4.29
121.59999999999737 4.29
121.69999999999736 4.29
121.79999999999735 4.29
121.89999999999735 4.29
121.99999999999734 4.29
122.09999999999734 4.29
122.19999999999733 4.29
122.29999999999733 4.29
122.39999999999732 4.29
122.49999999999731 4.29
122.59999999999731 4.29
122.6999999999973 4.29
122.7999999999973 4.29
122.89999999999729 4.29
122.99999999999729 4.29
123.09999999999728 4.29
123.19999999999727 4.29
123.29999999999727 4.29
123.39999999999726 4.29
123.49999999999726 4.29
123.59999999999725 4.29
123.69999999999725 4.29
123.79999999999724 4.29
123.89999999999723 4.29
123.99999999999723 4.29
124.09999999999722 4.29
124.19999999999722 4.29
124.29999999999721 4.29
124.39999999999721 4.29
124.4999999999972 4.29
124.59999999999719 4.29
124.69999999999719 4.29
124.79999999999718 4.29
124.89999999999718 4.29
124.99999999999717 4.29
125.09999999999717 4.29
125.19999999999716 4.29
125.29999999999715 4.29
125.39999999999715 4.29
125.49999999999714 4.29
125.59999999999714 4.29
125.69999999999713 4.29
125.79999999999713 4.29
125.89999999999712 4.29
125.99999999999712 4.29
126.09999999999711 4.29
126.1999999999971 4.29
126.2999999999971 4.29
126.39999999999709 4.29
126.49999999999709 4.29
126.59999999999708 4.29
126.69999999999708 4.29
126.79999999999707 4.29
126.89999999999706 4.29
126.99999999999706 4.29
127.09999999999705 4.29
127.19999999999705 4.29
127.29999999999704 4.29
127.39999999999704 4.29
127.49999999999703 4.29
127.59999999999702 4.29
127.69999999999702 4.29
127.79999999999701 4.4299999999999997
127.89999999999701 4.4299999999999997
127.999999999997 4.4299999999999997
128.09999999999701 4.4299999999999997
128.199999999997 4.4299999999999997
128.299999999997 4.4299999999999997
128.39999999999699 4.4299999999999997
128.49999999999699 4.4299999999999997
128.59999999999698 4.4299999999999997
128.69999999999698 4.4299999999999997
128.79999999999697 4.4299999999999997
128.89999999999696 4.4299999999999997
128.99999999999696 4.4299999999999997
129.09999999999695 4.4299999999999997
129.19999999999695 4.4299999999999997
129.29999999999694 4.4299999999999997
129.39999999999694 4.4299999999999997
129.49999999999693 4.4299999999999997
129.59999999999692 4.4299999999999997
129.69999999999692 4.4299999999999997
129.79999999999691 4.4299999999999997
129.89999999999691 4.4299999999999997
129.9999999999969 4.4299999999999997
130.0999999999969 4.4299999999999997
130.19999999999689 4.4299999999999997
130.29999999999688 4.4299999999999997
130.39999999999688 4.4299999999999997
130.49999999999687 4.4299999999999997
130.59999999999687 4.4299999999999997
130.69999999999686 4.4299999999999997
130.79999999999686 4.4299999999999997
130.89999999999685 4.4299999999999997
130.99999999999685 4.4299999999999997
131.09999999999684 4.4299999999999997
131.19999999999683 4.4299999999999997
131.29999999999683 4.4299999999999997
131.39999999999682 4.4299999999999997
131.49999999999682 4.4299999999999997
131.59999999999681 4.4299999999999997
131.69999999999681 4.4299999999999997
131.7999999999968 4.4299999999999997
131.89999999999679 4.4299999999999997
131.99999999999679 4.4299999999999997
132.09999999999678 4.4299999999999997
132.19999999999678 4.4299999999999997
132.29999999999677 4.4299999999999997
132.39999999999677 4.4299999999999997
132.49999999999676 4.4299999999999997
132.59999999999675 4.4299999999999997
132.69999999999675 4.4299999999999997
132.79999999999674 4.4299999999999997
132.89999999999674 4.4299999999999997
132.99999999999673 4.4299999999999997
133.09999999999673 4.4299999999999997
133.19999999999672 4.4299999999999997
133.29999999999671 4.4299999999999997
133.39999999999671 4.4299999999999997
133.4999999999967 4.4299999999999997
133.5999999999967 4.4299999999999997
133.69999999999669 4.4299999999999997
133.79999999999669 4.4299999999999997
133.89999999999668 4.4299999999999997
133.99999999999667 4.4299999999999997
134.09999999999667 4.4299999999999997
134.19999999999666 4.4299999999999997
134.29999999999666 4.4299999999999997
134.39999999999665 4.4299999999999997
134.49999999999665 4.4299999999999997
134.59999999999664 4.4299999999999997
134.69999999999663 4.4299999999999997
134.79999999999663 4.4299999999999997
134.89999999999662 4.4299999999999997
134.99999999999662 4.4299999999999997
135.09999999999661 4.4299999999999997
135.19999999999661 4.4299999999999997
135.2999999999966 4.4299999999999997
135.3999999999966 4.4299999999999997
135.49999999999659 4.4299999999999997
135.59999999999658 4.4299999999999997
135.69999999999658 4.4299999999999997
135.79999999999657 4.4299999999999997
135.89999999999657 4.4299999999999997
135.99999999999656 4.4299999999999997
136.09999999999656 4.4299999999999997
136.19999999999655 4.4299999999999997
136.29999999999654 4.4299999999999997
136.39999999999654 4.4299999999999997
136.49999999999653 4.6600000000000001
136.59999999999653 4.6600000000000001
136.69999999999652 4.6600000000000001
136.79999999999652 4.6600000000000001
136.89999999999651 4.6600000000000001
136.9999999999965 4.6600000000000001
137.0999999999965 4.6600000000000001
137.19999999999649 4.6600000000000001
137.29999999999649 4.6600000000000001
137.39999999999648 4.6600000000000001
137.49999999999648 4.6600000000000001
137.59999999999647 4.6600000000000001
137.69999999999646 4.6600000000000001
137.79999999999646 4.6600000000000001
137.89999999999645 4.6600000000000001
137.99999999999645 4.6600000000000001
138.09999999999644 4.6600000000000001
138.19999999999644 4.6600000000000001
138.29999999999643 4.6600000000000001
138.39999999999642 4.6600000000000001
138.49999999999642 4.6600000000000001
138.59999999999641 4.6600000000000001
138.69999999999641 4.6600000000000001
138.7999999999964 4.6600000000000001
138.8999999999964 4.6600000000000001
138.99999999999639 4.6600000000000001
139.09999999999638 4.6600000000000001
139.19999999999638 4.6600000000000001
139.29999999999637 4.6600000000000001
139.39999999999637 4.6600000000000001
139.49999999999636 4.6600000000000001
139.59999999999636 4.6600000000000001
139.69999999999635 4.6600000000000001
139.79999999999634 4.6600000000000001
139.89999999999634 4.6600000000000001
139.99999999999633 4.6600000000000001
140.09999999999633 4.6600000000000001
140.19999999999632 4.6600000000000001
140.29999999999632 4.6600000000000001
140.39999999999631 4.6600000000000001
140.49999999999631 4.6600000000000001
140.5999999999963 4.6600000000000001
140.69999999999629 4.6600000000000001
140.79999999999629 4.6600000000000001
140.89999999999628 4.6600000000000001
140.99999999999628 4.6600000000000001
141.09999999999627 4.6600000000000001
141.19999999999627 4.6600000000000001
141.29999999999626 4.6600000000000001
141.39999999999625 4.6600000000000001
141.49999999999625 4.6600000000000001
141.59999999999624 4.6600000000000001
141.69999999999624 4.6600000000000001
141.79999999999623 4.6600000000000001
141.89999999999623 4.6600000000000001
141.99999999999622 4.6600000000000001
142.09999999999621 4.6600000000000001
142.19999999999621 4.6600000000000001
142.2999999999962 4.6600000000000001
142.3999999999962 4.6600000000000001
142.49999999999619 4.6600000000000001
142.59999999999619 4.6600000000000001
142.69999999999618 4.6600000000000001
142.79999999999617 4.6600000000000001
142.89999999999617 4.6600000000000001
142.99999999999616 4.6600000000000001
143.09999999999616 4.6600000000000001
143.19999999999615 4.6600000000000001
143.29999999999615 4.6600000000000001
143.39999999999614 4.6600000000000001
143.49999999999613 4.6600000000000001
143.59999999999613 4.6600000000000001
143.69999999999612 4.6600000000000001
143.79999999999612 4.6600000000000001
143.89999999999611 4.6600000000000001
143.99999999999611 4.6600000000000001
144.0999999999961 4.6600000000000001
144.19999999999609 4.6600000000000001
144.29999999999609 4.6600000000000001
144.39999999999608 4.6600000000000001
144.49999999999608 4.6600000000000001
144.59999999999607 4.6600000000000001
144.69999999999607 4.6600000000000001
144.79999999999606 4.6600000000000001
144.89999999999606 4.6600000000000001
144.99999999999605 4.6600000000000001
145.09999999999604 4.6600000000000001
145.19999999999604 4.6600000000000001
145.29999999999603 4.6600000000000001
145.39999999999603 4.6600000000000001
145.49999999999602 4.6600000000000001
145.59999999999602 4.6600000000000001
145.69999999999601 4.6600000000000001
145.799999999996 4.6600000000000001
145.899999999996 4.6600000000000001
145.99999999999599 4.8200000000000003
146.09999999999599 4.8200000000000003
146.19999999999598 4.8200000000000003
146.29999999999598 4.8200000000000003
146.39999999999597 4.8200000000000003
146.49999999999596 4.8200000000000003
146.59999999999596 4.8200000000000003
146.69999999999595 4.8200000000000003
146.79999999999595 4.8200000000000003
146.89999999999594 4.8200000000000003
146.99999999999594 4.8200000000000003
147.09999999999593 4.8200000000000003
147.19999999999592 4.8200000000000003
147.29999999999592 4.8200000000000003
147.39999999999591 4.8200000000000003
147.49999999999591 4.8200000000000003
147.5999999999959 4.8200000000000003
147.6999999999959 4.8200000000000003
147.79999999999589 4.8200000000000003
147.89999999999588 4.8200000000000003
147.99999999999588 4.8200000000000003
148.09999999999587 4.8200000000000003
148.19999999999587 4.8200000000000003
148.29999999999586 4.8200000000000003
148.39999999999586 4.8200000000000003
148.49999999999585 4.8200000000000003
148.59999999999584 4.8200000000000003
148.69999999999584 4.8200000000000003
148.79999999999583 4.8200000000000003
148.89999999999583 4.8200000000000003
148.99999999999582 4.8200000000000003
149.09999999999582 4.8200000000000003
149.19999999999581 4.8200000000000003
149.2999999999958 4.8200000000000003
149.3999999999958 4.8200000000000003
149.49999999999579 4.8200000000000003
149.59999999999579 4.8200000000000003
149.69999999999578 4.8200000000000003
149.79999999999578 4.8200000000000003
149.89999999999577 4.8200000000000003
149.99999999999577 4.8200000000000003
150.09999999999576 4.8200000000000003
150.19999999999575 4.8200000000000003
150.29999999999575 4.8200000000000003
150.39999999999574 4.8200000000000003
150.49999999999574 4.8200000000000003
150.59999999999573 4.8200000000000003
150.69999999999573 4.8200000000000003
150.79999999999572 4.8200000000000003
150.89999999999571 4.8200000000000003
150.99999999999571 4.8200000000000003
151.0999999999957 4.8200000000000003
151.1999999999957 4.8200000000000003
151.29999999999569 4.8200000000000003
151.39999999999569 4.8200000000000003
151.49999999999568 4.8200000000000003
151.59999999999567 4.8200000000000003
151.69999999999567 4.8200000000000003
151.79999999999566 4.8200000000000003
151.89999999999566 4.8200000000000003
151.99999999999565 4.8200000000000003
152.09999999999565 4.8200000000000003
152.19999999999564 4.8200000000000003
152.29999999999563 4.8200000000000003
152.39999999999563 4.8200000000000003
152.49999999999562 4.8200000000000003
152.59999999999562 4.8200000000000003
152.69999999999561 4.8200000000000003
152.79999999999561 4.8200000000000003
152.8999999999956 4.8200000000000003
152.99999999999559 4.8200000000000003
153.09999999999559 4.8200000000000003
153.19999999999558 4.8200000000000003
153.29999999999558 4.8200000000000003
153.39999999999557 4.8200000000000003
153.49999999999557 4.8200000000000003
153.59999999999556 4.8200000000000003
153.69999999999555 4.8200000000000003
153.79999999999555 4.8200000000000003
153.89999999999554 4.8200000000000003
153.99999999999554 4.8200000000000003
154.09999999999553 4.8200000000000003
154.19999999999553 4.8200000000000003
154.29999999999552 4.8200000000000003
154.39999999999552 4.8200000000000003
154.49999999999551 4.8200000000000003
154.5999999999955 4.8200000000000003
154.6999999999955 4.8200000000000003
154.79999999999549 4.8200000000000003
154.89999999999549 4.8200000000000003
154.99999999999548 4.8200000000000003
155.09999999999548 4.8200000000000003
155.19999999999547 4.8200000000000003
155.29999999999546 4.8200000000000003
155.39999999999546 4.8200000000000003
155.49999999999545 4.8200000000000003
155.59999999999545 4.8200000000000003
155.69999999999544 4.8200000000000003
155.79999999999544 4.8200000000000003
155.89999999999543 4.8200000000000003
155.99999999999542 4.8200000000000003
156.09999999999542 4.8200000000000003
156.19999999999541 4.9500000000000002
156.29999999999541 4.9500000000000002
156.3999999999954 4.9500000000000002
156.4999999999954 4.9500000000000002
156.59999999999539 4.9500000000000002
156.69999999999538 4.9500000000000002
156.79999999999538 4.9500000000000002
156.89999999999537 4.9500000000000002
156.99999999999537 4.9500000000000002
157.09999999999536 4.9500000000000002
157.19999999999536 4.9500000000000002
157.29999999999535 4.9500000000000002
157.39999999999534 4.9500000000000002
157.49999999999534 4.9500000000000002
157.59999999999533 4.9500000000000002
157.69999999999533 4.9500000000000002
157.79999999999532 4.9500000000000002
157.89999999999532 4.9500000000000002
157.99999999999531 4.9500000000000002
158.0999999999953 4.9500000000000002
158.1999999999953 4.9500000000000002
158.29999999999529 4.9500000000000002
158.39999999999529 4.9500000000000002
158.49999999999528 4.9500000000000002
158.59999999999528 4.9500000000000002
158.69999999999527 4.9500000000000002
158.79999999999526 4.9500000000000002
158.89999999999526 4.9500000000000002
158.99999999999525 4.9500000000000002
159.09999999999525 4.9500000000000002
159.19999999999524 4.9500000000000002
159.29999999999524 4.9500000000000002
159.39999999999523 4.9500000000000002
159.49999999999523 4.9500000000000002
159.59999999999522 4.9500000000000002
159.69999999999521 4.9500000000000002
159.79999999999521 4.9500000000000002
159.8999999999952 4.9500000000000002
159.9999999999952 4.9500000000000002
160.09999999999519 4.9500000000000002
160.19999999999519 4.9500000000000002
160.29999999999518 4.9500000000000002
160.39999999999517 4.9500000000000002
160.49999999999517 4.9500000000000002
160.59999999999516 4.9500000000000002
160.69999999999516 4.9500000000000002
160.79999999999515 4.9500000000000002
160.89999999999515 4.9500000000000002
160.99999999999514 4.9500000000000002
161.09999999999513 4.9500000000000002
161.19999999999513 4.9500000000000002
161.29999999999512 4.9500000000000002
161.39999999999512 4.9500000000000002
161.49999999999511 4.9500000000000002
161.59999999999511 4.9500000000000002
161.6999999999951 4.9500000000000002
161.79999999999509 4.9500000000000002
161.89999999999509 4.9500000000000002
161.99999999999508 4.9500000000000002
162.09999999999508 4.9500000000000002
162.19999999999507 4.9500000000000002
162.29999999999507 4.9500000000000002
162.39999999999506 4.9500000000000002
162.49999999999505 4.9500000000000002
162.59999999999505 4.9500000000000002
162.69999999999504 4.9500000000000002
162.79999999999504 4.9500000000000002
162.89999999999503 4.9500000000000002
162.99999999999503 4.9500000000000002
163.09999999999502 4.9500000000000002
163.19999999999501 4.9500000000000002
163.29999999999501 4.9500000000000002
163.399999999995 4.9500000000000002
163.499999999995 4.9500000000000002
163.59999999999499 4.9500000000000002
163.69999999999499 4.9500000000000002
163.79999999999498 4.9500000000000002
163.89999999999498 4.9500000000000002
163.99999999999497 4.9500000000000002
164.09999999999496 4.9500000000000002
164.19999999999496 4.9500000000000002
164.29999999999495 4.9500000000000002
164.39999999999495 4.9500000000000002
164.49999999999494 4.9500000000000002
164.59999999999494 4.9500000000000002
164.69999999999493 4.9500000000000002
164.79999999999492 4.9500000000000002
164.89999999999492 4.9500000000000002
164.99999999999491 4.9500000000000002
165.09999999999491 4.9500000000000002
165.1999999999949 4.9500000000000002
165.2999999999949 4.9500000000000002
165.39999999999489 4.9500000000000002
165.49999999999488 4.9500000000000002
165.59999999999488 4.9500000000000002
165.69999999999487 4.9500000000000002
165.79999999999487 4.9500000000000002
165.89999999999486 4.9500000000000002
165.99999999999486 4.9500000000000002
166.09999999999485 4.9500000000000002
166.19999999999484 4.9500000000000002
166.29999999999484 4.9500000000000002
166.39999999999483 4.9500000000000002
166.49999999999483 4.9500000000000002
166.59999999999482 4.9500000000000002
166.69999999999482 4.9500000000000002
166.79999999999481 4.9500000000000002
166.8999999999948 4.9500000000000002
166.9999999999948 4.9500000000000002
167.09999999999479 4.9699999999999998
167.19999999999479 4.9699999999999998
167.29999999999478 4.9699999999999998
167.39999999999478 4.9699999999999998
167.49999999999477 4.9699999999999998
167.59999999999476 4.9699999999999998
167.69999999999476 4.9699999999999998
167.79999999999475 4.9699999999999998
167.89999999999475 4.9699999999999998
167.99999999999474 4.9699999999999998
168.09999999999474 4.9699999999999998
168.19999999999473 4.9699999999999998
168.29999999999472 4.9699999999999998
168.39999999999472 4.9699999999999998
168.49999999999471 4.9699999999999998
168.59999999999471 4.9699999999999998
168.6999999999947 4.9699999999999998
168.7999999999947 4.9699999999999998
168.89999999999469 4.9699999999999998
168.99999999999469 4.9699999999999998
169.09999999999468 4.9699999999999998
169.19999999999467 4.8700000000000001
169.29999999999467 4.8700000000000001
169.39999999999466 4.8700000000000001
169.49999999999466 4.8700000000000001
169.59999999999465 4.8700000000000001
169.69999999999465 4.8700000000000001
169.79999999999464 4.8700000000000001
169.89999999999463 4.8700000000000001
169.99999999999463 4.8700000000000001
170.09999999999462 4.8700000000000001
170.19999999999462 4.8700000000000001
170.29999999999461 4.8700000000000001
170.39999999999461 4.8700000000000001
170.4999999999946 4.8700000000000001
170.59999999999459 4.8700000000000001
170.69999999999459 4.8700000000000001
170.79999999999458 4.8700000000000001
170.89999999999458 4.8700000000000001
170.99999999999457 4.8700000000000001
171.09999999999457 4.8700000000000001
171.19999999999456 4.8700000000000001
171.29999999999455 4.8700000000000001
171.39999999999455 4.8700000000000001
171.49999999999454 4.8700000000000001
171.59999999999454 4.8700000000000001
171.69999999999453 4.8700000000000001
171.79999999999453 4.8700000000000001
171.89999999999452 4.8700000000000001
171.99999999999451 4.8700000000000001
172.09999999999451 4.8700000000000001
172.1999999999945 4.8700000000000001
172.2999999999945 4.8700000000000001
172.39999999999449 4.8700000000000001
172.49999999999449 4.8700000000000001
172.59999999999448 4.8700000000000001
172.69999999999447 4.8700000000000001
172.79999999999447 4.8700000000000001
172.89999999999446 4.8700000000000001
172.99999999999446 4.8700000000000001
173.09999999999445 4.8700000000000001
173.19999999999445 4.8700000000000001
173.29999999999444 4.8700000000000001
173.39999999999444 4.8700000000000001
173.49999999999443 4.8700000000000001
173.59999999999442 4.8700000000000001
173.69999999999442 4.8700000000000001
173.79999999999441 4.8700000000000001
173.89999999999441 4.8700000000000001
173.9999999999944 4.8700000000000001
174.0999999999944 4.8700000000000001
174.19999999999439 4.8700000000000001
174.29999999999438 4.8700000000000001
174.39999999999438 4.8700000000000001
174.49999999999437 4.8700000000000001
174.59999999999437 4.8700000000000001
174.69999999999436 4.8700000000000001
174.79999999999436 4.8700000000000001
174.89999999999435 4.8700000000000001
174.99999999999434 4.8700000000000001
175.09999999999434 4.8700000000000001
175.19999999999433 4.8700000000000001
175.29999999999433 4.8700000000000001
175.39999999999432 4.8700000000000001
175.49999999999432 4.8700000000000001
175.59999999999431 4.8700000000000001
175.6999999999943 4.8700000000000001
175.7999999999943 4.8700000000000001
175.89999999999429 4.8700000000000001
175.99999999999429 4.8700000000000001
176.09999999999428 4.8700000000000001
176.19999999999428 4.8700000000000001
176.29999999999427 4.8700000000000001
176.39999999999426 4.8700000000000001
176.49999999999426 4.8700000000000001
176.59999999999425 4.8700000000000001
176.69999999999425 4.8700000000000001
176.79999999999424 4.8700000000000001
176.89999999999424 4.8700000000000001
176.99999999999423 4.8700000000000001
177.09999999999422 4.8700000000000001
177.19999999999422 4.5700000000000003
177.29999999999421 4.5700000000000003
177.39999999999421 4.5700000000000003
177.4999999999942 4.5700000000000003
177.5999999999942 4.5700000000000003
177.69999999999419 4.5700000000000003
177.79999999999418 4.5700000000000003
177.89999999999418 4.5700000000000003
177.99999999999417 4.5700000000000003
178.09999999999417 4.5700000000000003
178.19999999999416 4.5700000000000003
178.29999999999416 4.5700000000000003
178.39999999999415 4.5700000000000003
178.49999999999415 4.5700000000000003
178.59999999999414 4.5700000000000003
178.69999999999413 4.5700000000000003
178.79999999999413 4.5700000000000003
178.89999999999412 4.5700000000000003
178.99999999999412 4.5700000000000003
179.09999999999411 4.5700000000000003
179.19999999999411 4.4900000000000002
179.2999999999941 4.4900000000000002
179.39999999999409 4.4900000000000002
179.49999999999409 4.4900000000000002
179.59999999999408 4.4900000000000002
179.69999999999408 4.4900000000000002
179.79999999999407 4.4900000000000002
179.89999999999407 4.4900000000000002
179.99999999999406 4.4900000000000002
180.09999999999405 4.4900000000000002
180.19999999999405 4.4900000000000002
180.29999999999404 4.4900000000000002
180.39999999999404 4.4900000000000002
180.49999999999403 4.4900000000000002
180.59999999999403 4.4900000000000002
180.69999999999402 4.4900000000000002
180.79999999999401 4.4900000000000002
180.89999999999401 4.4900000000000002
180.999999999994 4.4900000000000002
181.099999999994 4.4900000000000002
181.19999999999399 4.4299999999999997
181.29999999999399 4.4299999999999997
181.39999999999398 4.4299999999999997
181.49999999999397 4.4299999999999997
181.59999999999397 4.4299999999999997
181.69999999999396 4.4299999999999997
181.79999999999396 4.4299999999999997
181.89999999999395 4.4299999999999997
181.99999999999395 4.4299999999999997
182.09999999999394 4.4299999999999997
182.19999999999393 4.4299999999999997
182.29999999999393 4.4299999999999997
182.39999999999392 4.4299999999999997
182.49999999999392 4.4299999999999997
182.59999999999391 4.4299999999999997
182.69999999999391 4.4299999999999997
182.7999999999939 4.2800000000000002
182.8999999999939 4.2800000000000002
182.99999999999389 4.2800000000000002
183.09999999999388 4.2800000000000002
183.19999999999388 4.2800000000000002
183.29999999999387 4.2800000000000002
183.39999999999387 4.2800000000000002
183.49999999999386 4.2800000000000002
183.59999999999386 4.2800000000000002
183.69999999999385 4.2800000000000002
183.79999999999384 4.2800000000000002
183.89999999999384 4.2800000000000002
183.99999999999383 4.2800000000000002
184.09999999999383 4.2800000000000002
184.19999999999382 4.2800000000000002
184.29999999999382 4.2800000000000002
184.39999999999381 4.1500000000000004
184.4999999999938 4.1500000000000004
184.5999999999938 4.1500000000000004
184.69999999999379 4.1500000000000004
184.79999999999379 4.1500000000000004
184.89999999999378 4.1500000000000004
184.99999999999378 4.1500000000000004
185.09999999999377 4.1500000000000004
185.19999999999376 4.1500000000000004
185.29999999999376 4.1500000000000004
185.39999999999375 4.1500000000000004
185.49999999999375 4.1500000000000004
185.59999999999374 4.1500000000000004
185.69999999999374 4.1500000000000004
185.79999999999373 4.1500000000000004
185.89999999999372 4.1500000000000004
185.99999999999372 4.0300000000000002
186.09999999999371 4.0300000000000002
186.19999999999371 4.0300000000000002
186.2999999999937 4.0300000000000002
186.3999999999937 4.0300000000000002
186.49999999999369 4.0300000000000002
186.59999999999368 4.0300000000000002
186.69999999999368 4.0300000000000002
186.79999999999367 4.0300000000000002
186.89999999999367 4.0300000000000002
186.99999999999366 4.0300000000000002
187.09999999999366 4.0300000000000002
187.19999999999365 4.0300000000000002
187.29999999999364 4.0300000000000002
187.39999999999364 4.0300000000000002
187.49999999999363 4.0300000000000002
187.59999999999363 3.9300000000000002
187.69999999999362 3.9300000000000002
187.79999999999362 3.9300000000000002
187.89999999999361 3.9300000000000002
187.99999999999361 3.9300000000000002
188.0999999999936 3.9300000000000002
188.19999999999359 3.9300000000000002
188.29999999999359 3.9300000000000002
188.39999999999358 3.9300000000000002
188.49999999999358 3.9300000000000002
188.59999999999357 3.9300000000000002
188.69999999999357 3.9300000000000002
188.79999999999356 3.9300000000000002
188.89999999999355 3.9300000000000002
188.99999999999355 3.9300000000000002
189.09999999999354 3.9300000000000002
189.19999999999354 3.8399999999999999
189.29999999999353 3.8399999999999999
189.39999999999353 3.8399999999999999
189.49999999999352 3.8399999999999999
189.59999999999351 3.8399999999999999
189.69999999999351 3.8399999999999999
189.7999999999935 3.8399999999999999
189.8999999999935 3.8399999999999999
189.99999999999349 3.8399999999999999
190.09999999999349 3.8399999999999999
190.19999999999348 3.8399999999999999
190.29999999999347 3.8399999999999999
190.39999999999347 3.8399999999999999
190.49999999999346 3.8399999999999999
190.59999999999346 3.8399999999999999
190.69999999999345 3.8399999999999999
190.79999999999345 3.7600000000000002
190.89999999999344 3.7600000000000002
190.99999999999343 3.7600000000000002
191.09999999999343 3.7600000000000002
191.19999999999342 3.7600000000000002
191.29999999999342 3.7600000000000002
191.39999999999341 3.7600000000000002
191.49999999999341 3.7600000000000002
191.5999999999934 3.7600000000000002
191.69999999999339 3.7600000000000002
191.79999999999339 3.7600000000000002
191.89999999999338 3.7600000000000002
191.99999999999338 3.7600000000000002
192.09999999999337 3.7600000000000002
192.19999999999337 3.7600000000000002
192.29999999999336 3.7600000000000002
192.39999999999336 3.6899999999999999
192.49999999999335 3.6899999999999999
192.59999999999334 3.6899999999999999
192.69999999999334 3.6899999999999999
192.79999999999333 3.6899999999999999
192.89999999999333 3.6899999999999999
192.99999999999332 3.6899999999999999
193.09999999999332 3.6899999999999999
193.19999999999331 3.6899999999999999
193.2999999999933 3.6899999999999999
193.3999999999933 3.6899999999999999
193.49999999999329 3.6899999999999999
193.59999999999329 3.6899999999999999
193.69999999999328 3.6899999999999999
193.79999999999328 3.6899999999999999
193.89999999999327 3.6899999999999999
193.99999999999326 3.6299999999999999
194.09999999999326 3.6299999999999999
194.19999999999325 3.6299999999999999
194.29999999999325 3.6299999999999999
194.39999999999324 3.6299999999999999
194.49999999999324 3.6299999999999999
194.59999999999323 3.6299999999999999
194.69999999999322 3.6299999999999999
194.79999999999322 3.6299999999999999
194.89999999999321 3.6299999999999999
194.99999999999321 3.6299999999999999
195.0999999999932 3.6299999999999999
195.1999999999932 3.6299999999999999
195.29999999999319 3.6299999999999999
195.39999999999318 3.6299999999999999
195.49999999999318 3.6299999999999999
195.59999999999317 3.5700000000000003
195.69999999999317 3.5700000000000003
195.79999999999316 3.5700000000000003
195.89999999999316 3.5700000000000003
195.99999999999315 3.5700000000000003
196.09999999999314 3.5700000000000003
196.19999999999314 3.5700000000000003
196.29999999999313 3.5700000000000003
196.39999999999313 3.5700000000000003
196.49999999999312 3.5700000000000003
196.59999999999312 3.5700000000000003
196.69999999999311 3.5700000000000003
196.7999999999931 3.5700000000000003
196.8999999999931 3.5700000000000003
196.99999999999309 3.5700000000000003
197.09999999999309 3.5700000000000003
197.19999999999308 3.5300000000000002
197.29999999999308 3.5300000000000002
197.39999999999307 3.5300000000000002
197.49999999999307 3.5300000000000002
197.59999999999306 3.5300000000000002
197.69999999999305 3.5300000000000002
197.79999999999305 3.5300000000000002
197.89999999999304 3.5300000000000002
197.99999999999304 3.5300000000000002
198.09999999999303 3.5300000000000002
198.19999999999303 3.5300000000000002
198.29999999999302 3.5300000000000002
198.39999999999301 3.5300000000000002
198.49999999999301 3.5300000000000002
198.599999999993 3.5300000000000002
198.699999999993 3.5300000000000002
198.79999999999299 3.4900000000000002
198.89999999999299 3.4900000000000002
198.99999999999298 3.4900000000000002
199.09999999999297 3.4900000000000002
199.19999999999297 3.4900000000000002
199.29999999999296 3.4900000000000002
199.39999999999296 3.4900000000000002
199.49999999999295 3.4900000000000002
199.59999999999295 3.4900000000000002
199.69999999999294 3.4900000000000002
199.79999999999293 3.4900000000000002
199.89999999999293 3.4900000000000002
199.99999999999292 3.4900000000000002
